# Columns:
# 1: X
# 2: Y
# 3: computed depth
# 4: measured depth
# 5: difference between computed and measured depth
# frame: ./0000_depth.png
# frame: ./0000_sync_depth.png
# frame: ./0001_depth.png
# frame: ./0001_sync_depth.png
# frame: ./0002_depth.png
158 86 1.27802 1.354 -0.075976
159 86 1.27983 1.353 -0.073173
160 86 1.28164 1.352 -0.070365
161 86 1.28345 1.355 -0.0715518
162 86 1.28527 1.358 -0.0727335
163 86 1.28709 1.366 -0.07891
159 87 1.34037 1.349 -0.00863389
160 87 1.34235 1.351 -0.00865061
161 87 1.34434 1.358 -0.0136615
162 87 1.34633 1.367 -0.0206664
160 88 1.4091 1.352 0.0571022
# frame: ./0002_sync_depth.png
# frame: ./0003_depth.png
# frame: ./0003_sync_depth.png
310 136 1.17506 1.244 -0.0689433
311 136 1.24652 1.243 0.00351878
308 137 1.19209 1.247 -0.0549102
309 137 1.2657 1.245 0.0207035
306 138 1.20962 1.257 -0.0473761
307 138 1.28549 1.253 0.032488
304 139 1.22768 1.262 -0.0343185
305 139 1.3059 1.255 0.0509008
302 140 1.24629 1.259 -0.0127135
303 140 1.32697 1.259 0.0679724
299 141 1.19188 1.255 -0.0631227
300 141 1.26546 1.257 0.00846402
297 142 1.20941 1.269 -0.0595948
298 142 1.28524 1.257 0.028241
295 143 1.22746 1.274 -0.0465438
296 143 1.30565 1.269 0.0366459
293 144 1.24605 1.267 -0.0209457
294 144 1.32671 1.27 0.0567092
291 145 1.26522 1.263 0.00222463
# frame: ./0004_depth.png
278 145 1.21883 1.298 -0.0791663
277 146 1.22368 1.3 -0.0763221
278 146 1.22268 1.3 -0.077323
278 147 1.22654 1.299 -0.0724554
279 147 1.22554 1.301 -0.0754609
280 147 1.22454 1.304 -0.0794647
278 148 1.23044 1.3 -0.0695632
279 148 1.22942 1.302 -0.0725751
282 148 1.2264 1.304 -0.0776008
278 149 1.23435 1.302 -0.0676463
279 149 1.23334 1.302 -0.0686646
280 149 1.23232 1.309 -0.0766813
282 149 1.23029 1.31 -0.0797096
285 149 1.22726 1.307 -0.0797396
287 149 1.22525 1.305 -0.0797513
279 150 1.23727 1.304 -0.0667292
280 150 1.23625 1.311 -0.0747523
282 150 1.23421 1.313 -0.0787936
283 150 1.23319 1.311 -0.0778117
284 150 1.23217 1.308 -0.0758282
285 150 1.23116 1.307 -0.0758429
286 150 1.23014 1.308 -0.077856
279 151 1.24123 1.303 -0.0617685
280 151 1.2402 1.305 -0.0647983
281 151 1.23917 1.307 -0.0678263
282 151 1.23815 1.306 -0.0678526
283 151 1.23712 1.306 -0.0688772
284 151 1.2361 1.304 -0.0679001
285 151 1.23508 1.302 -0.0669214
286 151 1.23406 1.303 -0.0689409
287 151 1.23304 1.306 -0.0729588
290 151 1.23 1.309 -0.0790024
291 151 1.22899 1.308 -0.0790135
279 152 1.24522 1.307 -0.0617825
280 152 1.24418 1.308 -0.0638188
281 152 1.24315 1.307 -0.0638534
282 152 1.24211 1.306 -0.0638863
283 152 1.24108 1.307 -0.0659175
284 152 1.24005 1.305 -0.064947
285 152 1.23903 1.305 -0.0659748
286 152 1.238 1.303 -0.0650009
287 152 1.23697 1.306 -0.0690252
288 152 1.23595 1.311 -0.0750479
290 152 1.23391 1.312 -0.0780882
280 153 1.24819 1.305 -0.0568137
281 153 1.24714 1.304 -0.056855
282 153 1.24611 1.304 -0.0578946
283 153 1.24507 1.305 -0.0599324
284 153 1.24403 1.305 -0.0609685
285 153 1.243 1.304 -0.0610029
286 153 1.24196 1.303 -0.0610356
287 153 1.24093 1.306 -0.0650665
288 153 1.2399 1.31 -0.0700957
289 153 1.23888 1.316 -0.0771233
290 153 1.23785 1.313 -0.0751491
291 153 1.23683 1.316 -0.0791732
294 153 1.23376 1.312 -0.0782355
295 153 1.23275 1.31 -0.0772528
296 153 1.23173 1.309 -0.0772686
280 154 1.25222 1.311 -0.0587828
281 154 1.25117 1.308 -0.0568308
282 154 1.25012 1.306 -0.0558771
283 154 1.24908 1.306 -0.0569216
284 154 1.24804 1.307 -0.0589644
285 154 1.24699 1.308 -0.0610055
286 154 1.24596 1.306 -0.0600448
287 154 1.24492 1.308 -0.0630823
288 154 1.24388 1.31 -0.0661182
289 154 1.24285 1.318 -0.0751523
290 154 1.24182 1.32 -0.0781847
292 154 1.23976 1.318 -0.0782444
293 154 1.23873 1.315 -0.0762717
294 154 1.2377 1.312 -0.0742973
295 154 1.23668 1.312 -0.0753212
296 154 1.23566 1.313 -0.0773434
280 155 1.25627 1.308 -0.0517257
281 155 1.25522 1.305 -0.0497806
282 155 1.25417 1.303 -0.0488336
283 155 1.25312 1.303 -0.0498849
284 155 1.25207 1.304 -0.0519344
285 155 1.25102 1.306 -0.0549822
286 155 1.24997 1.306 -0.0560282
287 155 1.24893 1.307 -0.0580725
288 155 1.24788 1.306 -0.058115
289 155 1.24684 1.31 -0.0631558
290 155 1.24581 1.31 -0.0641949
291 155 1.24477 1.311 -0.0662322
292 155 1.24373 1.313 -0.0692678
293 155 1.2427 1.313 -0.0703017
294 155 1.24167 1.311 -0.0693339
295 155 1.24064 1.312 -0.0713643
296 155 1.23961 1.313 -0.0733931
302 155 1.23347 1.313 -0.0795299
281 156 1.2593 1.309 -0.049704
282 156 1.25824 1.305 -0.0467639
283 156 1.25718 1.304 -0.046822
284 156 1.25612 1.304 -0.0478784
285 156 1.25507 1.308 -0.0529329
286 156 1.25401 1.309 -0.0549857
287 156 1.25296 1.31 -0.0570368
288 156 1.25191 1.309 -0.0570861
289 156 1.25087 1.31 -0.0591336
290 156 1.24982 1.312 -0.0621793
291 156 1.24878 1.311 -0.0622234
292 156 1.24773 1.312 -0.0642657
293 156 1.24669 1.312 -0.0653062
294 156 1.24566 1.312 -0.066345
295 156 1.24462 1.314 -0.0693821
296 156 1.24358 1.314 -0.0704174
297 156 1.24255 1.322 -0.0794511
281 157 1.2634 1.309 -0.0456009
282 157 1.26233 1.305 -0.0426677
283 157 1.26127 1.304 -0.0427327
284 157 1.2602 1.306 -0.0457959
285 157 1.25914 1.309 -0.0498574
286 157 1.25808 1.311 -0.052917
287 157 1.25703 1.312 -0.0549749
288 157 1.25597 1.312 -0.056031
289 157 1.25491 1.309 -0.0540853
290 157 1.25386 1.309 -0.0551378
291 157 1.25281 1.309 -0.0561886
292 157 1.25176 1.311 -0.0592376
293 157 1.25072 1.312 -0.0612849
294 157 1.24967 1.312 -0.0623304
295 157 1.24863 1.312 -0.0633742
296 157 1.24758 1.313 -0.0654162
297 157 1.24654 1.318 -0.0714565
303 157 1.24034 1.32 -0.079662
304 157 1.23931 1.318 -0.0786902
305 157 1.23828 1.316 -0.0777168
306 157 1.23726 1.315 -0.0777416
307 157 1.23624 1.315 -0.0787648
281 158 1.26753 1.313 -0.0454709
282 158 1.26646 1.31 -0.0435447
283 158 1.26538 1.309 -0.0436167
284 158 1.26431 1.31 -0.0456869
285 158 1.26324 1.313 -0.0497552
286 158 1.26218 1.318 -0.0558218
287 158 1.26111 1.325 -0.0638865
288 158 1.26005 1.32 -0.0599495
289 158 1.25899 1.314 -0.0550107
290 158 1.25793 1.312 -0.0540701
291 158 1.25687 1.311 -0.0541277
292 158 1.25582 1.312 -0.0561835
293 158 1.25476 1.313 -0.0582376
294 158 1.25371 1.314 -0.0602899
295 158 1.25266 1.315 -0.0623404
296 158 1.25161 1.315 -0.0633892
297 158 1.25056 1.319 -0.0684362
298 158 1.24952 1.327 -0.0774814
302 158 1.24535 1.322 -0.0766451
303 158 1.24432 1.32 -0.0756817
304 158 1.24328 1.318 -0.0747165
305 158 1.24225 1.319 -0.0767497
306 158 1.24122 1.32 -0.0787811
282 159 1.27061 1.307 -0.0363947
283 159 1.26953 1.309 -0.0394737
284 159 1.26845 1.313 -0.0445509
285 159 1.26737 1.317 -0.0496263
286 159 1.2663 1.323 -0.0566998
287 159 1.26523 1.324 -0.0587715
288 159 1.26416 1.323 -0.0588415
289 159 1.26309 1.314 -0.0509096
290 159 1.26202 1.31 -0.0479759
291 159 1.26096 1.309 -0.0480404
292 159 1.2599 1.311 -0.0511031
293 159 1.25884 1.311 -0.052164
294 159 1.25778 1.312 -0.0542231
295 159 1.25672 1.312 -0.0552805
296 159 1.25566 1.314 -0.058336
297 159 1.25461 1.316 -0.0613898
298 159 1.25356 1.32 -0.0664419
299 159 1.25251 1.321 -0.0684922
300 159 1.25146 1.32 -0.0685407
301 159 1.25041 1.319 -0.0685874
302 159 1.24937 1.318 -0.0686324
303 159 1.24832 1.317 -0.0686757
304 159 1.24728 1.318 -0.0707172
305 159 1.24624 1.323 -0.076757
312 159 1.23901 1.319 -0.0799873
282 160 1.27478 1.309 -0.0342174
283 160 1.2737 1.311 -0.0373035
284 160 1.27261 1.316 -0.0433878
285 160 1.27153 1.312 -0.0404702
286 160 1.27045 1.318 -0.0475508
287 160 1.26937 1.32 -0.0506296
288 160 1.26829 1.329 -0.0607065
289 160 1.26722 1.318 -0.0507816
290 160 1.26615 1.313 -0.0468549
291 160 1.26507 1.312 -0.0469264
292 160 1.264 1.312 -0.047996
293 160 1.26294 1.313 -0.0500638
294 160 1.26187 1.313 -0.0511299
295 160 1.26081 1.314 -0.0531941
296 160 1.25974 1.315 -0.0552566
297 160 1.25868 1.318 -0.0593172
298 160 1.25762 1.318 -0.0603761
299 160 1.25657 1.318 -0.0614332
300 160 1.25551 1.317 -0.0614885
301 160 1.25446 1.319 -0.0645421
302 160 1.25341 1.319 -0.0655939
303 160 1.25236 1.319 -0.0666439
304 160 1.25131 1.32 -0.0686921
305 160 1.25026 1.325 -0.0747386
306 160 1.24922 1.329 -0.0797834
307 160 1.24817 1.322 -0.0738264
308 160 1.24713 1.321 -0.0738677
309 160 1.24609 1.321 -0.0749072
312 160 1.24298 1.321 -0.0780155
313 160 1.24195 1.319 -0.0770481
314 160 1.24092 1.319 -0.078079
282 161 1.27899 1.307 -0.0280126
283 161 1.27789 1.309 -0.0311059
284 161 1.2768 1.314 -0.0371973
285 161 1.27571 1.315 -0.0392869
286 161 1.27463 1.319 -0.0443746
287 161 1.27354 1.319 -0.0454604
288 161 1.27246 1.327 -0.0545444
289 161 1.27137 1.319 -0.0476266
290 161 1.27029 1.314 -0.0437069
291 161 1.26921 1.311 -0.0417854
292 161 1.26814 1.312 -0.0438621
293 161 1.26706 1.312 -0.0449369
294 161 1.26599 1.314 -0.0480099
295 161 1.26492 1.314 -0.0490811
296 161 1.26385 1.317 -0.0531505
297 161 1.26278 1.316 -0.0532181
298 161 1.26172 1.315 -0.0532839
299 161 1.26065 1.314 -0.0533479
300 161 1.25959 1.316 -0.0564101
301 161 1.25853 1.318 -0.0594705
302 161 1.25747 1.319 -0.0615291
303 161 1.25641 1.318 -0.0615859
304 161 1.25536 1.319 -0.063641
305 161 1.25431 1.319 -0.0646943
306 161 1.25325 1.322 -0.0687458
307 161 1.2522 1.315 -0.0627956
308 161 1.25116 1.318 -0.0668436
309 161 1.25011 1.319 -0.0688898
311 161 1.24802 1.325 -0.0769771
312 161 1.24698 1.32 -0.0730181
313 161 1.24594 1.318 -0.0720574
314 161 1.24491 1.318 -0.073095
315 161 1.24387 1.32 -0.0761308
316 161 1.24284 1.321 -0.0781649
317 161 1.2418 1.32 -0.0781973
283 162 1.28212 1.312 -0.0298804
284 162 1.28102 1.315 -0.0339791
285 162 1.27992 1.317 -0.0370759
286 162 1.27883 1.32 -0.0411708
287 162 1.27774 1.32 -0.0422638
288 162 1.27665 1.324 -0.047355
289 162 1.27556 1.324 -0.0484443
290 162 1.27447 1.319 -0.0445317
291 162 1.27338 1.317 -0.0436173
292 162 1.2723 1.315 -0.042701
293 162 1.27122 1.316 -0.0447829
294 162 1.27014 1.319 -0.048863
295 162 1.26906 1.321 -0.0519412
296 162 1.26798 1.324 -0.0560176
297 162 1.26691 1.318 -0.0510922
298 162 1.26584 1.316 -0.0501649
299 162 1.26476 1.316 -0.0512359
300 162 1.26369 1.319 -0.055305
301 162 1.26263 1.32 -0.0573723
302 162 1.26156 1.321 -0.0594378
303 162 1.2605 1.32 -0.0595016
304 162 1.25944 1.321 -0.0615635
305 162 1.25838 1.32 -0.0616236
306 162 1.25732 1.322 -0.064682
307 162 1.25626 1.322 -0.0657386
308 162 1.25521 1.326 -0.0707934
309 162 1.25415 1.331 -0.0768464
311 162 1.25205 1.329 -0.0769472
312 162 1.25101 1.325 -0.073995
313 162 1.24996 1.323 -0.073041
314 162 1.24891 1.322 -0.0730852
315 162 1.24787 1.325 -0.0771277
316 162 1.24683 1.325 -0.0781685
283 163 1.28637 1.309 -0.022627
284 163 1.28527 1.312 -0.0267329
285 163 1.28416 1.324 -0.039837
286 163 1.28306 1.326 -0.0429391
287 163 1.28196 1.316 -0.0340394
288 163 1.28086 1.315 -0.0341378
289 163 1.27977 1.314 -0.0342343
290 163 1.27867 1.316 -0.0373289
291 163 1.27758 1.315 -0.0374217
292 163 1.27649 1.316 -0.0395126
293 163 1.2754 1.32 -0.0446016
294 163 1.27431 1.328 -0.0536888
295 163 1.27323 1.331 -0.0577741
296 163 1.27214 1.332 -0.0598576
297 163 1.27106 1.317 -0.0459392
298 163 1.26998 1.315 -0.045019
299 163 1.2689 1.315 -0.046097
300 163 1.26783 1.318 -0.0501731
301 163 1.26675 1.319 -0.0522474
302 163 1.26568 1.321 -0.0553199
303 163 1.26461 1.319 -0.0543906
304 163 1.26354 1.319 -0.0554594
305 163 1.26247 1.318 -0.0555265
306 163 1.26141 1.322 -0.0605918
307 163 1.26034 1.329 -0.0686552
308 163 1.25928 1.325 -0.0657169
309 163 1.25822 1.323 -0.0647768
310 163 1.25717 1.324 -0.0668349
311 163 1.25611 1.322 -0.0658912
312 163 1.25505 1.323 -0.0679458
313 163 1.254 1.323 -0.0689985
314 163 1.25295 1.328 -0.0750496
315 163 1.2519 1.331 -0.0790988
283 164 1.29065 1.309 -0.0183452
284 164 1.28954 1.31 -0.0204585
285 164 1.28843 1.317 -0.0285699
286 164 1.28732 1.317 -0.0296794
287 164 1.28621 1.314 -0.027787
288 164 1.28511 1.313 -0.0278927
289 164 1.284 1.313 -0.0289965
290 164 1.2829 1.316 -0.0330984
291 164 1.2818 1.319 -0.0371984
292 164 1.2807 1.326 -0.0452965
293 164 1.27961 1.335 -0.0553927
294 164 1.27851 1.33 -0.0514871
295 164 1.27742 1.327 -0.0495795
296 164 1.27633 1.324 -0.0476702
297 164 1.27524 1.321 -0.0457589
298 164 1.27415 1.317 -0.0428458
299 164 1.27307 1.317 -0.0439309
300 164 1.27199 1.319 -0.0470141
301 164 1.2709 1.321 -0.0500955
302 164 1.26983 1.321 -0.051175
303 164 1.26875 1.32 -0.0512527
304 164 1.26767 1.318 -0.0503286
305 164 1.2666 1.319 -0.0524026
306 164 1.26553 1.321 -0.0554748
307 164 1.26445 1.327 -0.0625452
308 164 1.26339 1.323 -0.0596138
309 164 1.26232 1.322 -0.0596806
310 164 1.26125 1.321 -0.0597456
311 164 1.26019 1.322 -0.0618089
312 164 1.25913 1.324 -0.0648703
284 165 1.29384 1.311 -0.0171556
285 165 1.29273 1.314 -0.0212744
286 165 1.29161 1.314 -0.0223913
287 165 1.29049 1.312 -0.0215063
288 165 1.28938 1.312 -0.0226193
289 165 1.28827 1.311 -0.0227305
290 165 1.28716 1.314 -0.0268397
291 165 1.28605 1.315 -0.028947
292 165 1.28495 1.32 -0.0350524
293 165 1.28384 1.326 -0.0421559
294 165 1.28274 1.323 -0.0402575
295 165 1.28164 1.322 -0.0403573
296 165 1.28054 1.324 -0.0434551
297 165 1.27945 1.326 -0.0465511
298 165 1.27835 1.318 -0.0396451
299 165 1.27726 1.317 -0.0397374
300 165 1.27617 1.317 -0.0408277
301 165 1.27508 1.318 -0.0429162
302 165 1.274 1.318 -0.0440028
303 165 1.27291 1.317 -0.0440876
304 165 1.27183 1.317 -0.0451706
305 165 1.27075 1.319 -0.0482517
306 165 1.26967 1.322 -0.0523309
307 165 1.26859 1.324 -0.0554084
308 165 1.26752 1.322 -0.054484
309 165 1.26644 1.321 -0.0545578
284 166 1.29818 1.312 -0.0138238
285 166 1.29705 1.313 -0.0159502
286 166 1.29593 1.313 -0.0170746
287 166 1.2948 1.314 -0.019197
288 166 1.29368 1.315 -0.0213175
289 166 1.29256 1.315 -0.022436
290 166 1.29145 1.316 -0.0245527
291 166 1.29033 1.317 -0.0266674
292 166 1.28922 1.321 -0.0317801
293 166 1.28811 1.326 -0.037891
294 166 1.287 1.324 -0.0369999
295 166 1.28589 1.324 -0.038107
296 166 1.28479 1.327 -0.0422121
297 166 1.28368 1.333 -0.0493153
298 166 1.28258 1.325 -0.0424167
299 166 1.28148 1.322 -0.0405161
300 166 1.28039 1.32 -0.0396137
301 166 1.27929 1.32 -0.0407094
302 166 1.2782 1.318 -0.0398032
303 166 1.2771 1.318 -0.0408951
304 166 1.27601 1.32 -0.0439852
305 166 1.27493 1.324 -0.0490734
306 166 1.27384 1.325 -0.0511598
284 167 1.30254 1.313 -0.010463
285 167 1.3014 1.311 -0.00959689
286 167 1.30027 1.313 -0.0127288
287 167 1.29914 1.314 -0.0148588
288 167 1.29801 1.316 -0.0179868
289 167 1.29689 1.316 -0.0191129
290 167 1.29576 1.317 -0.021237
291 167 1.29464 1.317 -0.0223591
292 167 1.29352 1.321 -0.0274793
293 167 1.2924 1.324 -0.0315976
294 167 1.29129 1.329 -0.037714
295 167 1.29017 1.328 -0.0378284
296 167 1.28906 1.329 -0.0399409
297 167 1.28795 1.327 -0.0390514
298 167 1.28684 1.323 -0.0361601
299 167 1.28573 1.321 -0.0352669
300 167 1.28463 1.321 -0.0363717
301 167 1.28353 1.32 -0.0364747
302 167 1.28242 1.32 -0.0375758
303 167 1.28133 1.318 -0.0366749
285 168 1.30579 1.314 -0.0082143
286 168 1.30465 1.314 -0.00935387
287 168 1.30351 1.317 -0.0134915
288 168 1.30237 1.32 -0.0176271
289 168 1.30124 1.319 -0.0177607
290 168 1.30011 1.318 -0.0178923
291 168 1.29898 1.318 -0.019022
292 168 1.29785 1.321 -0.0231498
293 168 1.29672 1.325 -0.0282755
294 168 1.2956 1.328 -0.0323993
295 168 1.29448 1.324 -0.0295212
296 168 1.29336 1.324 -0.0306412
297 168 1.29224 1.325 -0.0327591
298 168 1.29112 1.323 -0.0318752
299 168 1.29001 1.322 -0.0319894
300 168 1.2889 1.322 -0.0331016
285 169 1.3102 1.314 -0.00380209
286 169 1.30905 1.313 -0.00394937
287 169 1.30791 1.314 -0.00609465
288 169 1.30676 1.316 -0.00923792
289 169 1.30562 1.316 -0.0103792
290 169 1.30448 1.316 -0.0115185
291 169 1.30334 1.317 -0.0136558
292 169 1.30221 1.318 -0.0157911
293 169 1.30108 1.318 -0.0169244
294 169 1.29994 1.318 -0.0180558
295 169 1.29881 1.318 -0.0191852
296 169 1.29769 1.32 -0.0223127
297 169 1.29656 1.32 -0.0234381
286 170 1.31348 1.316 -0.00251503
287 170 1.31233 1.316 -0.00366808
288 170 1.31118 1.316 -0.0048191
289 170 1.31003 1.317 -0.00696811
290 170 1.30888 1.317 -0.0081151
291 170 1.30774 1.319 -0.0112601
292 170 1.3066 1.32 -0.0134031
293 170 1.30546 1.319 -0.0135441
294 170 1.30432 1.318 -0.0136831
286 171 1.31795 1.316 0.00194945
287 171 1.31679 1.314 0.00278856
288 171 1.31563 1.314 0.00162971
289 171 1.31447 1.316 -0.0015271
290 171 1.31332 1.319 -0.00568188
291 171 1.31217 1.322 -0.00983464
287 172 1.32128 1.32 0.00127557
288 172 1.32011 1.322 -0.00189119
# frame: ./0004_sync_depth.png
# frame: ./0005_depth.png
# frame: ./0005_sync_depth.png
# frame: ./0006_depth.png
341 148 1.23355 1.299 -0.0654515
342 148 1.22589 1.295 -0.0691144
343 148 1.21832 1.294 -0.0756828
341 149 1.25785 1.298 -0.0401517
342 149 1.24988 1.295 -0.0451186
343 149 1.24201 1.294 -0.0519852
344 149 1.23425 1.295 -0.0607534
345 149 1.22658 1.296 -0.069425
346 149 1.219 1.296 -0.0770018
342 150 1.27484 1.293 -0.0181646
343 150 1.26665 1.292 -0.0253474
344 150 1.25857 1.292 -0.0334258
345 150 1.2506 1.293 -0.0424019
346 150 1.24272 1.291 -0.0482774
347 150 1.23495 1.291 -0.0560545
348 150 1.22727 1.289 -0.0617347
349 150 1.21968 1.289 -0.0693201
350 150 1.21219 1.287 -0.0748122
342 151 1.30081 1.295 0.00580617
343 151 1.29229 1.293 -0.000712326
344 151 1.28388 1.291 -0.00711997
345 151 1.27558 1.291 -0.0154189
346 151 1.26739 1.29 -0.0226113
347 151 1.2593 1.291 -0.0316991
348 151 1.25132 1.292 -0.0406843
349 151 1.24343 1.293 -0.0495689
350 151 1.23565 1.287 -0.0513548
351 151 1.22796 1.287 -0.0590437
352 151 1.22036 1.285 -0.0646376
353 151 1.21286 1.285 -0.0721381
354 151 1.20545 1.284 -0.078547
342 152 1.32786 1.293 0.0348571
343 152 1.31898 1.292 0.0269818
344 152 1.31022 1.29 0.0202244
345 152 1.30158 1.29 0.0115825
346 152 1.29305 1.287 0.00605388
347 152 1.28464 1.289 -0.00436371
348 152 1.27633 1.292 -0.0156724
349 152 1.26813 1.293 -0.0248743
350 152 1.26003 1.284 -0.0239715
351 152 1.25203 1.284 -0.0319659
343 153 1.3468 1.293 0.053802
344 153 1.33767 1.294 0.0436725
345 153 1.32867 1.297 0.031666
346 153 1.31978 1.297 0.02278
347 153 1.31101 1.303 0.00801201
348 153 1.30236 1.31 -0.00764023
344 154 1.3663 1.293 0.0732953
# frame: ./0006_sync_depth.png
334 82 1.25434 1.332 -0.0776604
335 82 1.25752 1.334 -0.0764822
327 83 1.24172 1.321 -0.0792824
328 83 1.24483 1.323 -0.0781679
329 83 1.24796 1.324 -0.0760377
330 83 1.25111 1.331 -0.0798918
333 83 1.26064 1.336 -0.0753581
334 83 1.26385 1.336 -0.0721479
335 83 1.26708 1.339 -0.0719212
319 84 1.22631 1.306 -0.0796904
320 84 1.22935 1.307 -0.0776528
321 84 1.2324 1.309 -0.0766001
325 84 1.24476 1.324 -0.0792364
326 84 1.24789 1.321 -0.0731066
327 84 1.25104 1.32 -0.068961
328 84 1.2542 1.321 -0.0667995
329 84 1.25738 1.324 -0.066622
330 84 1.26057 1.333 -0.0724284
331 84 1.26378 1.339 -0.0752185
332 84 1.26701 1.342 -0.0749922
333 84 1.27025 1.338 -0.0677494
334 84 1.27351 1.338 -0.0644899
318 85 1.23233 1.309 -0.0766673
319 85 1.2354 1.309 -0.0735997
320 85 1.23848 1.31 -0.0715169
321 85 1.24158 1.314 -0.0724186
322 85 1.2447 1.324 -0.0793049
323 85 1.24782 1.326 -0.0781754
325 85 1.25413 1.333 -0.078869
326 85 1.25731 1.329 -0.0716919
327 85 1.2605 1.327 -0.0664986
328 85 1.26371 1.328 -0.0642891
329 85 1.26694 1.332 -0.0650632
330 85 1.27018 1.342 -0.0718207
331 85 1.27344 1.339 -0.0655616
332 85 1.27671 1.343 -0.0662858
333 85 1.28001 1.341 -0.060993
334 85 1.28332 1.341 -0.0576833
309 86 1.21418 1.294 -0.0798223
310 86 1.21716 1.293 -0.0758447
311 86 1.22015 1.294 -0.0738523
312 86 1.22315 1.296 -0.0728452
313 86 1.22618 1.301 -0.0748233
314 86 1.22921 1.308 -0.0787864
317 86 1.23842 1.315 -0.0765847
318 86 1.24151 1.31 -0.0684868
319 86 1.24463 1.308 -0.0633733
320 86 1.24776 1.309 -0.0612442
321 86 1.2509 1.314 -0.0630993
322 86 1.25406 1.319 -0.0649386
323 86 1.25724 1.314 -0.0567618
324 86 1.26043 1.322 -0.0615689
325 86 1.26364 1.332 -0.0683597
326 86 1.26687 1.328 -0.0611341
327 86 1.27011 1.327 -0.056892
328 86 1.27337 1.325 -0.0516333
329 86 1.27664 1.329 -0.0523578
330 86 1.27993 1.334 -0.0540655
331 86 1.28324 1.34 -0.0567561
332 86 1.28657 1.343 -0.0564295
333 86 1.28991 1.336 -0.0460857
301 87 1.19944 1.277 -0.0775585
302 87 1.20235 1.277 -0.0746527
303 87 1.20527 1.28 -0.0747329
304 87 1.2082 1.284 -0.0757988
307 87 1.21709 1.297 -0.0799101
309 87 1.22309 1.303 -0.0799114
310 87 1.22611 1.295 -0.0688897
311 87 1.22915 1.299 -0.0698532
312 87 1.2322 1.301 -0.0688015
313 87 1.23527 1.311 -0.0757346
314 87 1.23835 1.317 -0.0786525
315 87 1.24145 1.311 -0.0695549
316 87 1.24456 1.32 -0.0754418
317 87 1.24769 1.327 -0.079313
318 87 1.25083 1.317 -0.0661685
319 87 1.25399 1.315 -0.0610081
320 87 1.25717 1.314 -0.0568316
321 87 1.26036 1.319 -0.0586391
322 87 1.26357 1.325 -0.0614302
323 87 1.26679 1.325 -0.058205
324 87 1.27004 1.328 -0.0579633
325 87 1.2733 1.328 -0.054705
326 87 1.27657 1.327 -0.0504299
327 87 1.27986 1.326 -0.0461379
328 87 1.28317 1.325 -0.0418289
329 87 1.2865 1.327 -0.0405027
330 87 1.28984 1.331 -0.0411592
331 87 1.2932 1.337 -0.0437983
332 87 1.29658 1.342 -0.0454199
333 87 1.29998 1.335 -0.0350237
299 88 1.20228 1.28 -0.0777166
301 88 1.20814 1.286 -0.0778633
302 88 1.21108 1.284 -0.0729152
303 88 1.21405 1.285 -0.0709527
304 88 1.21702 1.289 -0.0719756
306 88 1.22302 1.3 -0.0769775
307 88 1.22604 1.302 -0.0759562
308 88 1.22908 1.306 -0.0769199
309 88 1.23213 1.305 -0.0728686
310 88 1.2352 1.299 -0.0638021
311 88 1.23828 1.298 -0.0597203
312 88 1.24138 1.299 -0.057623
313 88 1.24449 1.303 -0.0585103
314 88 1.24762 1.309 -0.0613818
315 88 1.25076 1.316 -0.0652377
316 88 1.25392 1.326 -0.0720776
317 88 1.2571 1.323 -0.0659015
318 88 1.26029 1.316 -0.0557093
319 88 1.2635 1.312 -0.0485008
320 88 1.26672 1.311 -0.044276
321 88 1.26997 1.312 -0.0420346
322 88 1.27322 1.318 -0.0447766
323 88 1.2765 1.33 -0.0535019
324 88 1.27979 1.333 -0.0532103
325 88 1.2831 1.325 -0.0419016
326 88 1.28642 1.324 -0.0375758
327 88 1.28977 1.324 -0.0342327
328 88 1.29313 1.325 -0.0318722
329 88 1.29651 1.326 -0.0294942
330 88 1.2999 1.327 -0.0270984
331 88 1.30332 1.333 -0.0296848
332 88 1.30675 1.335 -0.0282533
293 89 1.19355 1.272 -0.0784541
294 89 1.19642 1.27 -0.0735768
295 89 1.19931 1.272 -0.0726857
296 89 1.20222 1.276 -0.0737805
298 89 1.20807 1.276 -0.0679278
299 89 1.21102 1.279 -0.06798
300 89 1.21398 1.293 -0.0790178
301 89 1.21696 1.289 -0.0720411
302 89 1.21995 1.284 -0.0640497
303 89 1.22296 1.283 -0.0600436
304 89 1.22598 1.284 -0.0580226
305 89 1.22901 1.293 -0.0639867
306 89 1.23206 1.299 -0.0669357
307 89 1.23513 1.3 -0.0648695
308 89 1.23821 1.308 -0.069788
309 89 1.24131 1.299 -0.0576911
310 89 1.24442 1.296 -0.0515787
311 89 1.24755 1.295 -0.0474506
312 89 1.25069 1.298 -0.0473068
313 89 1.25385 1.3 -0.0461471
314 89 1.25703 1.303 -0.0459714
315 89 1.26022 1.31 -0.0497795
316 89 1.26343 1.316 -0.0525714
317 89 1.26665 1.315 -0.0483469
318 89 1.26989 1.312 -0.0421059
319 89 1.27315 1.313 -0.0398483
320 89 1.27643 1.313 -0.0365739
321 89 1.27972 1.314 -0.0342827
322 89 1.28303 1.318 -0.0349744
323 89 1.28635 1.33 -0.043649
324 89 1.28969 1.335 -0.0453063
325 89 1.29305 1.327 -0.0339462
326 89 1.29643 1.327 -0.0305685
327 89 1.29983 1.327 -0.0271731
328 89 1.30324 1.328 -0.0247599
329 89 1.30667 1.329 -0.0223287
330 89 1.31012 1.33 -0.0198794
331 89 1.31359 1.333 -0.0194119
332 89 1.31707 1.335 -0.0179259
288 90 1.18777 1.262 -0.0742296
290 90 1.19348 1.27 -0.076517
291 90 1.19636 1.272 -0.0756401
293 90 1.20216 1.277 -0.0748444
294 90 1.20507 1.276 -0.0709255
295 90 1.20801 1.275 -0.0669923
296 90 1.21096 1.281 -0.0700448
297 90 1.21392 1.287 -0.073083
298 90 1.21689 1.279 -0.0621065
299 90 1.21988 1.291 -0.0711155
300 90 1.22289 1.298 -0.0751097
301 90 1.22591 1.289 -0.0630891
302 90 1.22895 1.285 -0.0560535
303 90 1.232 1.284 -0.0520028
304 90 1.23506 1.286 -0.050937
305 90 1.23814 1.292 -0.0538558
306 90 1.24124 1.298 -0.0567593
307 90 1.24435 1.308 -0.0636472
308 90 1.24748 1.307 -0.0595194
309 90 1.25062 1.299 -0.0483759
310 90 1.25378 1.298 -0.0442166
311 90 1.25696 1.298 -0.0410412
312 90 1.26015 1.3 -0.0398497
313 90 1.26336 1.301 -0.0376419
314 90 1.26658 1.304 -0.0374178
315 90 1.26982 1.308 -0.0381772
316 90 1.27308 1.31 -0.0369199
317 90 1.27635 1.312 -0.0356459
318 90 1.27964 1.312 -0.0323551
319 90 1.28295 1.315 -0.0320472
320 90 1.28628 1.315 -0.0287221
321 90 1.28962 1.317 -0.0273798
322 90 1.29298 1.316 -0.0230201
323 90 1.29636 1.319 -0.0226428
324 90 1.29975 1.324 -0.0242478
325 90 1.30317 1.324 -0.020835
326 90 1.3066 1.326 -0.0194042
327 90 1.31004 1.327 -0.0169553
328 90 1.31351 1.329 -0.0154882
329 90 1.317 1.329 -0.0120026
330 90 1.3205 1.33 -0.00949852
331 90 1.32402 1.332 -0.00797573
288 91 1.1963 1.261 -0.0647034
290 91 1.20209 1.274 -0.0719083
291 91 1.20501 1.268 -0.0629897
292 91 1.20794 1.277 -0.0690568
293 91 1.21089 1.273 -0.0621097
294 91 1.21385 1.273 -0.0591481
295 91 1.21683 1.271 -0.054172
296 91 1.21982 1.273 -0.0531813
297 91 1.22282 1.275 -0.0521758
298 91 1.22584 1.284 -0.0581555
299 91 1.22888 1.299 -0.0701202
300 91 1.23193 1.29 -0.0580699
301 91 1.235 1.284 -0.0490044
302 91 1.23808 1.282 -0.0439236
303 91 1.24117 1.283 -0.0418274
304 91 1.24428 1.286 -0.0417156
305 91 1.24741 1.289 -0.0415882
306 91 1.25055 1.291 -0.0404451
307 91 1.25371 1.295 -0.0412861
308 91 1.25689 1.3 -0.043111
309 91 1.26008 1.297 -0.0369199
310 91 1.26329 1.296 -0.0327125
311 91 1.26651 1.298 -0.0314887
312 91 1.26975 1.3 -0.0302485
313 91 1.27301 1.301 -0.0279916
314 91 1.27628 1.301 -0.024718
315 91 1.27957 1.303 -0.0234274
316 91 1.28288 1.305 -0.0221199
317 91 1.2862 1.309 -0.0227952
318 91 1.28955 1.31 -0.0204533
319 91 1.29291 1.314 -0.0210939
320 91 1.29628 1.315 -0.018717
321 91 1.29968 1.316 -0.0163225
322 91 1.30309 1.316 -0.01291
323 91 1.30652 1.318 -0.0114797
324 91 1.30997 1.321 -0.0110312
325 91 1.31344 1.323 -0.00956442
326 91 1.31692 1.324 -0.00707928
327 91 1.32042 1.325 -0.0045756
328 91 1.32395 1.33 -0.00605322
329 91 1.32749 1.332 -0.004512
330 91 1.33105 1.333 -0.00195178
331 91 1.33463 1.334 0.000627584
289 92 1.20788 1.267 -0.0591213
290 92 1.21083 1.271 -0.0601745
291 92 1.21379 1.272 -0.0582132
292 92 1.21676 1.272 -0.0552374
293 92 1.21975 1.272 -0.052247
294 92 1.22276 1.273 -0.0502419
295 92 1.22578 1.272 -0.0462219
296 92 1.22881 1.274 -0.045187
297 92 1.23186 1.276 -0.044137
298 92 1.23493 1.285 -0.0500718
299 92 1.23801 1.292 -0.0539913
300 92 1.2411 1.285 -0.0438954
301 92 1.24422 1.283 -0.038784
302 92 1.24734 1.284 -0.036657
303 92 1.25049 1.286 -0.0355142
304 92 1.25364 1.289 -0.0353555
305 92 1.25682 1.29 -0.0331809
306 92 1.26001 1.291 -0.0309901
307 92 1.26322 1.292 -0.028783
308 92 1.26644 1.296 -0.0295596
309 92 1.26968 1.297 -0.0273197
310 92 1.27294 1.299 -0.0260632
311 92 1.27621 1.301 -0.0247899
312 92 1.2795 1.303 -0.0234998
313 92 1.28281 1.303 -0.0201927
314 92 1.28613 1.303 -0.0168684
315 92 1.28947 1.305 -0.0155268
316 92 1.29283 1.308 -0.0151678
317 92 1.29621 1.311 -0.0147913
318 92 1.2996 1.313 -0.0133971
319 92 1.30301 1.316 -0.0129851
320 92 1.30644 1.317 -0.0105551
321 92 1.30989 1.318 -0.00810701
322 92 1.31336 1.319 -0.00564067
323 92 1.31684 1.322 -0.00515594
324 92 1.32035 1.328 -0.00765266
325 92 1.32387 1.329 -0.00513069
326 92 1.32741 1.327 0.000410112
327 92 1.33097 1.327 0.00396991
328 92 1.33455 1.329 0.00554885
329 92 1.33815 1.331 0.00714709
330 92 1.34176 1.335 0.00676479
290 93 1.21969 1.263 -0.0433128
291 93 1.22269 1.274 -0.051308
292 93 1.22571 1.269 -0.0432883
293 93 1.22875 1.27 -0.0412537
294 93 1.2318 1.27 -0.0382041
295 93 1.23486 1.27 -0.0351392
296 93 1.23794 1.27 -0.0320591
297 93 1.24104 1.272 -0.0309635
298 93 1.24415 1.277 -0.0328525
299 93 1.24727 1.281 -0.0337258
300 93 1.25042 1.281 -0.0305833
301 93 1.25358 1.28 -0.026425
302 93 1.25675 1.282 -0.0252507
303 93 1.25994 1.285 -0.0250602
304 93 1.26315 1.287 -0.0238536
305 93 1.26637 1.287 -0.0206305
306 93 1.26961 1.288 -0.018391
307 93 1.27287 1.29 -0.0171348
308 93 1.27614 1.294 -0.0178619
309 93 1.27943 1.296 -0.0165722
310 93 1.28273 1.297 -0.0142654
311 93 1.28606 1.3 -0.0139415
312 93 1.2894 1.302 -0.0126003
313 93 1.29276 1.303 -0.0102417
314 93 1.29613 1.303 -0.00686558
315 93 1.29953 1.305 -0.00547177
316 93 1.30294 1.311 -0.00806014
317 93 1.30637 1.315 -0.00863055
318 93 1.30982 1.314 -0.00418286
319 93 1.31328 1.315 -0.00171692
320 93 1.31677 1.315 0.00176741
321 93 1.32027 1.316 0.00427028
322 93 1.32379 1.319 0.00479184
323 93 1.32733 1.323 0.00433223
324 93 1.33089 1.333 -0.00210839
325 93 1.33447 1.33 0.00447013
326 93 1.33807 1.33 0.00806795
327 93 1.34169 1.329 0.0126852
328 93 1.34532 1.329 0.0163221
329 93 1.34898 1.329 0.0199787
330 93 1.35266 1.332 0.0206553
291 94 1.23173 1.27 -0.0382711
292 94 1.23479 1.268 -0.0332066
293 94 1.23787 1.268 -0.0301268
294 94 1.24097 1.271 -0.0300316
295 94 1.24408 1.272 -0.0279209
296 94 1.24721 1.274 -0.0267945
297 94 1.25035 1.275 -0.0246524
298 94 1.25351 1.278 -0.0244945
299 94 1.25668 1.28 -0.0233205
300 94 1.25987 1.282 -0.0221304
301 94 1.26308 1.282 -0.0189241
302 94 1.2663 1.286 -0.0197014
303 94 1.26954 1.288 -0.0184622
304 94 1.27279 1.29 -0.0172064
305 94 1.27607 1.29 -0.0139339
306 94 1.27936 1.291 -0.0116445
307 94 1.28266 1.292 -0.00933813
308 94 1.28599 1.297 -0.0110146
309 94 1.28933 1.298 -0.00867379
310 94 1.29268 1.299 -0.00631558
311 94 1.29606 1.301 -0.00493984
312 94 1.29945 1.303 -0.00354642
313 94 1.30286 1.305 -0.00213518
314 94 1.30629 1.307 -0.000705982
315 94 1.30974 1.312 -0.00225869
316 94 1.31321 1.329 -0.0157932
317 94 1.31669 1.326 -0.00930922
318 94 1.32019 1.32 0.000193236
319 94 1.32371 1.317 0.00671438
320 94 1.32725 1.316 0.0112544
321 94 1.33081 1.317 0.0138133
322 94 1.33439 1.321 0.0133914
323 94 1.33799 1.328 0.00998881
324 94 1.34161 1.336 0.00560565
325 94 1.34524 1.337 0.00824209
326 94 1.3489 1.341 0.00789831
327 94 1.35257 1.337 0.0155745
328 94 1.35627 1.334 0.0222707
329 94 1.35999 1.334 0.0259872
292 95 1.24401 1.262 -0.0179893
293 95 1.24714 1.267 -0.0198633
294 95 1.25028 1.27 -0.0197215
295 95 1.25344 1.272 -0.0185639
296 95 1.25661 1.272 -0.0153903
297 95 1.2598 1.273 -0.0132006
298 95 1.26301 1.276 -0.0129946
299 95 1.26623 1.28 -0.0137723
300 95 1.26947 1.283 -0.0135335
301 95 1.27272 1.282 -0.00927805
302 95 1.27599 1.285 -0.0090059
303 95 1.27928 1.288 -0.00871687
304 95 1.28259 1.289 -0.00641085
305 95 1.28591 1.29 -0.00408769
306 95 1.28925 1.291 -0.00174727
307 95 1.29261 1.296 -0.00338944
308 95 1.29599 1.304 -0.00801409
309 95 1.29938 1.303 -0.00362105
310 95 1.30279 1.299 0.00378979
311 95 1.30622 1.299 0.00721859
312 95 1.30967 1.3 0.00966549
313 95 1.31313 1.302 0.0111306
314 95 1.31661 1.306 0.0106141
315 95 1.32012 1.315 0.0051162
316 95 1.32364 1.329 -0.00536307
317 95 1.32718 1.332 -0.00482351
318 95 1.33074 1.323 0.00773503
319 95 1.33431 1.319 0.0153127
320 95 1.33791 1.317 0.0209097
321 95 1.34153 1.319 0.0225261
322 95 1.34516 1.322 0.0231621
323 95 1.34882 1.332 0.0168179
324 95 1.35249 1.33 0.0224936
325 95 1.35619 1.339 0.0171894
326 95 1.35991 1.351 0.00890542
327 95 1.36364 1.339 0.0246419
328 95 1.3674 1.335 0.0323989
329 95 1.37118 1.333 0.0381768
292 96 1.25337 1.264 -0.0106334
293 96 1.25654 1.267 -0.0104601
294 96 1.25973 1.274 -0.0142707
295 96 1.26293 1.275 -0.0120651
296 96 1.26616 1.276 -0.00984315
297 96 1.2694 1.276 -0.0066047
298 96 1.27265 1.28 -0.00734965
299 96 1.27592 1.286 -0.0100779
300 96 1.27921 1.287 -0.00778921
301 96 1.28252 1.287 -0.00448356
302 96 1.28584 1.287 -0.00116078
303 96 1.28918 1.29 -0.000820736
304 96 1.29254 1.291 0.0015367
305 96 1.29591 1.294 0.00191168
306 96 1.2993 1.296 0.00330432
307 96 1.30271 1.304 -0.00128523
308 96 1.30614 1.317 -0.0108568
309 96 1.30959 1.312 -0.00241033
310 96 1.31305 1.305 0.00805441
311 96 1.31654 1.303 0.0135375
312 96 1.32004 1.302 0.0180392
313 96 1.32356 1.305 0.0185595
314 96 1.3271 1.31 0.0170986
315 96 1.33066 1.321 0.00965676
316 96 1.33423 1.323 0.011234
317 96 1.33783 1.329 0.00883056
318 96 1.34145 1.337 0.00444654
319 96 1.34508 1.328 0.0170821
320 96 1.34874 1.325 0.0237375
321 96 1.35241 1.325 0.0274127
322 96 1.35611 1.328 0.0281081
323 96 1.35982 1.336 0.0238237
324 96 1.36356 1.341 0.0225597
325 96 1.36732 1.349 0.0183163
326 96 1.37109 1.353 0.0180937
327 96 1.37489 1.341 0.0338919
328 96 1.37871 1.338 0.0407113
293 97 1.26609 1.269 -0.00291401
294 97 1.26932 1.274 -0.00467593
295 97 1.27258 1.274 -0.00142124
296 97 1.27585 1.273 0.00285018
297 97 1.27914 1.274 0.00513846
298 97 1.28244 1.279 0.00344374
299 97 1.28577 1.293 -0.00723386
300 97 1.28911 1.291 -0.0018942
301 97 1.29246 1.289 0.00346286
302 97 1.29584 1.287 0.00883744
303 97 1.29923 1.289 0.0102297
304 97 1.30264 1.289 0.0136398
305 97 1.30607 1.292 0.0140678
306 97 1.30951 1.297 0.0125139
307 97 1.31298 1.308 0.0049782
308 97 1.31646 1.306 0.0104609
309 97 1.31996 1.311 0.00896215
310 97 1.32348 1.308 0.0154821
311 97 1.32702 1.305 0.0220208
312 97 1.33058 1.304 0.0265785
313 97 1.33416 1.306 0.0281553
314 97 1.33775 1.311 0.0267514
315 97 1.34137 1.328 0.013367
316 97 1.345 1.321 0.0240022
317 97 1.34866 1.325 0.0236571
318 97 1.35233 1.329 0.0233319
319 97 1.35603 1.323 0.0330268
320 97 1.35974 1.322 0.0377419
321 97 1.36348 1.321 0.0424775
322 97 1.36723 1.324 0.0432337
323 97 1.37101 1.329 0.0420106
324 97 1.37481 1.342 0.0328084
325 97 1.37863 1.35 0.0286273
326 97 1.38247 1.341 0.0414675
327 97 1.38633 1.337 0.0493292
328 97 1.39021 1.335 0.0552124
294 98 1.27907 1.276 0.00306614
295 98 1.28237 1.274 0.00837104
296 98 1.28569 1.275 0.0106931
297 98 1.28903 1.277 0.0120323
298 98 1.29239 1.288 0.00438902
299 98 1.29576 1.303 -0.00723678
300 98 1.29916 1.298 0.00115509
301 98 1.30256 1.299 0.00356476
302 98 1.30599 1.295 0.0109924
303 98 1.30944 1.293 0.0164381
304 98 1.3129 1.294 0.018902
305 98 1.31638 1.297 0.0193843
306 98 1.31989 1.306 0.0138851
307 98 1.3234 1.311 0.0124046
308 98 1.32694 1.301 0.025943
309 98 1.3305 1.303 0.0275002
310 98 1.33408 1.316 0.0180767
311 98 1.33767 1.311 0.0266723
312 98 1.34129 1.311 0.0302875
313 98 1.34492 1.309 0.0359222
314 98 1.34858 1.313 0.0355767
315 98 1.35225 1.319 0.0332511
316 98 1.35595 1.327 0.0289455
317 98 1.35966 1.329 0.0306602
318 98 1.3634 1.325 0.0383953
319 98 1.36715 1.32 0.047151
320 98 1.37093 1.32 0.0509275
321 98 1.37472 1.32 0.0547248
322 98 1.37854 1.323 0.0555433
323 98 1.38238 1.327 0.055383
324 98 1.38624 1.336 0.0502442
325 98 1.39013 1.343 0.047127
326 98 1.39403 1.338 0.0560316
327 98 1.39796 1.336 0.0619583
295 99 1.29232 1.274 0.0183152
296 99 1.29569 1.274 0.021689
297 99 1.29908 1.276 0.0230805
298 99 1.30249 1.289 0.0134898
299 99 1.30592 1.297 0.00891698
300 99 1.30936 1.291 0.0183623
301 99 1.31283 1.297 0.0158258
302 99 1.31631 1.3 0.0163077
303 99 1.31981 1.294 0.0258081
304 99 1.32333 1.293 0.0303272
305 99 1.32687 1.294 0.0328651
306 99 1.33042 1.303 0.027422
307 99 1.334 1.313 0.020998
308 99 1.33759 1.305 0.0325933
309 99 1.34121 1.307 0.034208
310 99 1.34484 1.311 0.0338422
311 99 1.3485 1.308 0.0404963
312 99 1.35217 1.307 0.0451702
313 99 1.35586 1.307 0.0488643
314 99 1.35958 1.31 0.0495785
315 99 1.36331 1.317 0.0463132
316 99 1.36707 1.325 0.0420684
317 99 1.37084 1.334 0.0368444
318 99 1.37464 1.324 0.0506413
319 99 1.37846 1.32 0.0584593
320 99 1.3823 1.319 0.0632986
321 99 1.38616 1.32 0.0661593
322 99 1.39004 1.322 0.0680416
323 99 1.39395 1.325 0.0689457
324 99 1.39787 1.331 0.0668719
325 99 1.40182 1.337 0.0648202
326 99 1.40579 1.335 0.0707909
296 100 1.30584 1.279 0.0268416
297 100 1.30929 1.281 0.0282865
298 100 1.31275 1.296 0.0167496
299 100 1.31623 1.291 0.0252311
300 100 1.31973 1.295 0.0247311
301 100 1.32325 1.301 0.0222498
302 100 1.32679 1.302 0.0247873
303 100 1.33034 1.295 0.0353438
304 100 1.33392 1.294 0.0399193
305 100 1.33751 1.295 0.0425142
306 100 1.34113 1.3 0.0411284
307 100 1.34476 1.307 0.0377623
308 100 1.34842 1.309 0.0394159
309 100 1.35209 1.313 0.0390894
310 100 1.35578 1.31 0.045783
311 100 1.3595 1.307 0.0524968
312 100 1.36323 1.307 0.056231
313 100 1.36699 1.308 0.0589858
314 100 1.37076 1.311 0.0597613
315 100 1.37456 1.313 0.0615578
316 100 1.37838 1.323 0.0553753
317 100 1.38221 1.326 0.0562141
318 100 1.38607 1.323 0.0630743
319 100 1.38996 1.321 0.0689562
320 100 1.39386 1.322 0.0718599
321 100 1.39779 1.324 0.0737855
322 100 1.40173 1.326 0.0757333
323 100 1.4057 1.328 0.0777035
324 100 1.4097 1.331 0.0786963
325 100 1.41371 1.334 0.0797118
297 101 1.31965 1.279 0.0406542
298 101 1.32317 1.283 0.0401724
299 101 1.32671 1.29 0.0367095
300 101 1.33027 1.298 0.0322655
301 101 1.33384 1.304 0.0298407
302 101 1.33744 1.294 0.0434351
303 101 1.34105 1.291 0.0500489
304 101 1.34468 1.29 0.0546824
305 101 1.34834 1.292 0.0563355
306 101 1.35201 1.296 0.0560086
307 101 1.3557 1.302 0.0537017
308 101 1.35942 1.311 0.0484151
309 101 1.36315 1.312 0.0511489
310 101 1.3669 1.306 0.0609032
311 101 1.37068 1.305 0.0656783
312 101 1.37447 1.306 0.0684743
313 101 1.37829 1.308 0.0702913
314 101 1.38213 1.309 0.0731297
315 101 1.38599 1.311 0.0749894
316 101 1.38987 1.314 0.0758708
317 101 1.39377 1.316 0.077774
318 101 1.3977 1.318 0.0796992
298 102 1.33376 1.283 0.050762
299 102 1.33736 1.287 0.050356
300 102 1.34097 1.304 0.0369695
301 102 1.3446 1.301 0.0436024
302 102 1.34826 1.294 0.0542552
303 102 1.35193 1.292 0.0599278
304 102 1.35562 1.292 0.0636205
305 102 1.35933 1.294 0.0653334
306 102 1.36307 1.297 0.0660668
307 102 1.36682 1.301 0.0658206
308 102 1.3706 1.306 0.0645952
309 102 1.37439 1.307 0.0673908
310 102 1.37821 1.307 0.0712074
311 102 1.38205 1.307 0.0750452
312 102 1.3859 1.309 0.0769045
299 103 1.34817 1.284 0.0641748
300 103 1.35185 1.292 0.059847
301 103 1.35554 1.296 0.0595393
302 103 1.35925 1.292 0.0672518
303 103 1.36298 1.292 0.0709846
304 103 1.36674 1.292 0.0747381
305 103 1.37051 1.294 0.0765122
306 103 1.37431 1.297 0.0773073
307 103 1.37812 1.299 0.0791234
308 103 1.38196 1.302 0.0799608
300 104 1.3629 1.292 0.0709025
301 104 1.36666 1.293 0.0736555
302 104 1.37043 1.294 0.0764292
# frame: ./0007_depth.png
386 152 1.19745 1.276 -0.0785503
380 156 1.2009 1.28 -0.0790991
381 156 1.20071 1.279 -0.0782874
382 156 1.20052 1.278 -0.0774756
383 156 1.20034 1.277 -0.0766637
384 156 1.20015 1.28 -0.0798518
381 157 1.2013 1.281 -0.0797044
382 157 1.20111 1.279 -0.0778928
383 157 1.20092 1.28 -0.0790811
377 158 1.20263 1.282 -0.0793661
378 158 1.20245 1.28 -0.0775549
379 158 1.20226 1.28 -0.0777436
380 158 1.20207 1.278 -0.0759323
381 158 1.20188 1.278 -0.0761209
382 158 1.20169 1.278 -0.0763094
383 158 1.2015 1.28 -0.0784979
378 159 1.20303 1.283 -0.0799702
380 159 1.20265 1.281 -0.078348
381 159 1.20246 1.28 -0.0775368
382 159 1.20227 1.282 -0.0797255
374 160 1.20437 1.284 -0.079628
379 160 1.20343 1.282 -0.0785741
380 160 1.20324 1.281 -0.0777631
381 160 1.20305 1.279 -0.0759521
382 160 1.20286 1.279 -0.076141
383 160 1.20267 1.278 -0.0753299
381 161 1.20363 1.282 -0.0783669
382 161 1.20344 1.278 -0.074556
383 161 1.20325 1.275 -0.071745
372 162 1.20593 1.285 -0.0790748
373 162 1.20574 1.284 -0.0782646
374 162 1.20555 1.285 -0.0794544
380 162 1.20441 1.284 -0.0795917
381 162 1.20422 1.275 -0.0707811
382 162 1.20403 1.273 -0.0689704
372 163 1.20651 1.285 -0.0784867
373 163 1.20632 1.285 -0.0786767
378 163 1.20537 1.285 -0.0796259
380 163 1.20499 1.281 -0.0760051
381 163 1.20481 1.275 -0.0701947
382 163 1.20462 1.274 -0.0693842
371 164 1.20729 1.286 -0.0787079
372 164 1.2071 1.283 -0.0758981
373 164 1.20691 1.284 -0.0770883
380 164 1.20558 1.278 -0.072418
381 164 1.20539 1.274 -0.0686077
382 164 1.2052 1.274 -0.0687974
373 165 1.2075 1.286 -0.0784993
374 165 1.20731 1.286 -0.0786896
375 165 1.20712 1.287 -0.0798799
380 165 1.20617 1.279 -0.0728303
381 165 1.20598 1.277 -0.0710202
363 166 1.21 1.289 -0.0790013
372 166 1.20828 1.286 -0.0777192
373 166 1.20809 1.283 -0.0749097
374 166 1.2079 1.282 -0.0741002
375 166 1.20771 1.284 -0.0762907
376 166 1.20752 1.284 -0.0764811
377 166 1.20733 1.284 -0.0766714
378 166 1.20714 1.284 -0.0768617
379 166 1.20695 1.277 -0.0700519
380 166 1.20676 1.275 -0.068242
381 166 1.20657 1.274 -0.0674321
363 167 1.21059 1.289 -0.0784093
364 167 1.2104 1.29 -0.0796006
369 167 1.20944 1.286 -0.0765562
372 167 1.20887 1.283 -0.0741288
373 167 1.20868 1.282 -0.0733196
374 167 1.20849 1.283 -0.0745103
375 167 1.2083 1.283 -0.0747009
376 167 1.20811 1.283 -0.0748915
377 167 1.20792 1.281 -0.073082
378 167 1.20773 1.282 -0.0742724
379 167 1.20754 1.279 -0.0714628
380 167 1.20735 1.278 -0.0706532
362 168 1.21137 1.289 -0.0776252
363 168 1.21118 1.287 -0.0758167
364 168 1.21099 1.287 -0.0760082
369 168 1.21004 1.283 -0.0729647
370 168 1.20984 1.289 -0.0791558
371 168 1.20965 1.281 -0.0713469
372 168 1.20946 1.279 -0.0695379
373 168 1.20927 1.279 -0.0697288
374 168 1.20908 1.281 -0.0719197
375 168 1.20889 1.282 -0.0731105
376 168 1.2087 1.281 -0.0723013
377 168 1.20851 1.28 -0.071492
378 168 1.20832 1.278 -0.0696826
379 168 1.20813 1.278 -0.0698732
380 168 1.20794 1.278 -0.0700637
362 169 1.21197 1.291 -0.0790318
363 169 1.21178 1.29 -0.0782235
364 169 1.21158 1.291 -0.0794152
371 169 1.21024 1.285 -0.0747552
372 169 1.21005 1.283 -0.0729464
373 169 1.20986 1.28 -0.0701375
374 169 1.20967 1.281 -0.0713286
375 169 1.20948 1.281 -0.0715196
376 169 1.20929 1.281 -0.0717105
377 169 1.2091 1.279 -0.0699014
378 169 1.20891 1.278 -0.0690923
379 169 1.20872 1.28 -0.071283
363 170 1.21237 1.289 -0.0766298
364 170 1.21218 1.288 -0.0758216
365 170 1.21199 1.289 -0.0770134
366 170 1.21179 1.291 -0.0792052
367 170 1.2116 1.289 -0.0773968
368 170 1.21141 1.286 -0.0745885
369 170 1.21122 1.288 -0.07678
370 170 1.21103 1.289 -0.0779715
371 170 1.21084 1.284 -0.0731629
372 170 1.21065 1.281 -0.0703543
373 170 1.21045 1.279 -0.0685456
374 170 1.21026 1.278 -0.0677369
375 170 1.21007 1.279 -0.0689281
376 170 1.20988 1.28 -0.0701192
377 170 1.20969 1.28 -0.0703103
378 170 1.2095 1.277 -0.0675013
379 170 1.20931 1.278 -0.0686923
366 171 1.21239 1.289 -0.0766114
367 171 1.2122 1.287 -0.0748032
368 171 1.212 1.286 -0.073995
369 171 1.21181 1.287 -0.0751868
370 171 1.21162 1.288 -0.0763785
371 171 1.21143 1.286 -0.0745701
372 171 1.21124 1.284 -0.0727617
373 171 1.21105 1.281 -0.0699532
374 171 1.21086 1.279 -0.0681446
375 171 1.21066 1.278 -0.067336
376 171 1.21047 1.279 -0.0685273
377 171 1.21028 1.278 -0.0677186
378 171 1.21009 1.278 -0.0679098
379 171 1.2099 1.277 -0.0671009
370 172 1.21222 1.283 -0.0707849
371 172 1.21202 1.284 -0.0719767
372 172 1.21183 1.282 -0.0701684
373 172 1.21164 1.281 -0.0693601
374 172 1.21145 1.279 -0.0675517
375 172 1.21126 1.279 -0.0677433
376 172 1.21107 1.278 -0.0669348
377 172 1.21087 1.275 -0.0641263
378 172 1.21068 1.275 -0.0643177
379 172 1.21049 1.275 -0.064509
373 173 1.21223 1.285 -0.0727665
374 173 1.21204 1.284 -0.0719583
375 173 1.21185 1.282 -0.0701501
376 173 1.21166 1.28 -0.0683418
377 173 1.21147 1.276 -0.0645334
378 173 1.21128 1.276 -0.064725
377 174 1.21206 1.277 -0.0649399
378 174 1.21187 1.274 -0.0621317
# frame: ./0007_sync_depth.png
# frame: ./0008_depth.png
# frame: ./0008_sync_depth.png
# frame: ./0009_depth.png
# frame: ./0009_sync_depth.png
# frame: ./0010_depth.png
# frame: ./0010_sync_depth.png
# frame: ./0011_depth.png
# frame: ./0011_sync_depth.png
# frame: ./0012_depth.png
# frame: ./0012_sync_depth.png
194 114 1.25715 1.324 -0.0668521
195 114 1.27488 1.321 -0.046117
# frame: ./0013_depth.png
# frame: ./0013_sync_depth.png
# frame: ./0014_depth.png
335 115 1.25769 1.335 -0.0773083
336 115 1.26636 1.333 -0.0666388
335 116 1.26266 1.338 -0.0753422
336 116 1.2714 1.334 -0.0626039
335 117 1.26766 1.338 -0.0703367
336 117 1.27647 1.333 -0.0565288
337 117 1.2854 1.332 -0.0465976
335 118 1.27271 1.341 -0.0682914
336 118 1.28159 1.338 -0.0564129
337 118 1.29059 1.335 -0.0444098
335 119 1.27779 1.342 -0.0642057
336 119 1.28674 1.34 -0.0532559
337 119 1.29582 1.335 -0.0391799
335 120 1.28292 1.346 -0.0630793
336 120 1.29194 1.339 -0.0470573
337 120 1.30109 1.335 -0.0339075
338 120 1.31037 1.332 -0.0216272
335 121 1.28809 1.348 -0.0599115
336 121 1.29718 1.341 -0.0438164
337 121 1.30641 1.336 -0.029592
338 121 1.31576 1.335 -0.0192355
333 122 1.27534 1.348 -0.0726581
334 122 1.28426 1.344 -0.0597428
335 122 1.2933 1.341 -0.047702
336 122 1.30247 1.339 -0.0365329
337 122 1.31177 1.338 -0.0262329
338 122 1.3212 1.34 -0.0187992
333 123 1.28045 1.347 -0.0665514
334 123 1.28944 1.345 -0.0555643
335 123 1.29855 1.34 -0.0414501
336 123 1.30779 1.339 -0.0312062
337 123 1.31717 1.338 -0.0208297
338 123 1.32668 1.343 -0.0163178
339 123 1.33633 1.345 -0.0086675
332 124 1.27666 1.348 -0.0713374
333 124 1.2856 1.344 -0.0584036
334 124 1.29466 1.342 -0.0473438
335 124 1.30384 1.34 -0.0361554
336 124 1.31316 1.337 -0.0238357
337 124 1.32262 1.336 -0.0133817
338 124 1.33221 1.337 -0.0047907
339 124 1.34194 1.345 -0.00305955
331 125 1.2729 1.352 -0.0791011
332 125 1.28178 1.348 -0.0662201
333 125 1.29079 1.345 -0.0542142
334 125 1.29992 1.345 -0.0450809
335 125 1.30918 1.342 -0.0328174
336 125 1.31858 1.34 -0.0214209
337 125 1.32811 1.338 -0.00988854
338 125 1.33778 1.34 -0.00221738
339 125 1.3476 1.352 -0.00440434
331 126 1.27799 1.35 -0.072014
332 126 1.28694 1.345 -0.0580615
333 126 1.29602 1.343 -0.0469827
334 126 1.30523 1.342 -0.036775
335 126 1.31456 1.341 -0.0264354
336 126 1.32404 1.338 -0.0139612
337 126 1.33365 1.336 -0.00234952
338 126 1.3434 1.336 0.00740277
339 126 1.3533 1.344 0.00929874
331 127 1.28311 1.352 -0.068886
332 127 1.29214 1.348 -0.0558613
333 127 1.30129 1.345 -0.0437087
334 127 1.31057 1.344 -0.0334256
335 127 1.31999 1.342 -0.0220091
336 127 1.32954 1.339 -0.00945622
337 127 1.33924 1.337 0.00223589
338 127 1.34907 1.336 0.0130703
339 127 1.35905 1.336 0.0230503
340 127 1.36918 1.332 0.037179
331 128 1.28828 1.351 -0.0627167
332 128 1.29738 1.347 -0.0496188
333 128 1.30661 1.345 -0.0383916
334 128 1.31597 1.343 -0.0270322
335 128 1.32546 1.34 -0.0145377
336 128 1.33509 1.338 -0.00290523
337 128 1.34487 1.336 0.00886828
338 128 1.35479 1.333 0.0217859
339 128 1.36485 1.33 0.034851
340 128 1.37507 1.328 0.0470666
331 129 1.29349 1.358 -0.0645055
332 129 1.30267 1.35 -0.0473337
333 129 1.31197 1.347 -0.0350309
334 129 1.32141 1.345 -0.0235942
335 129 1.33098 1.344 -0.0130208
336 129 1.34069 1.343 -0.00230768
337 129 1.35055 1.342 0.00854825
338 129 1.36055 1.334 0.0265502
331 130 1.29875 1.355 -0.0562521
332 130 1.30799 1.349 -0.0410053
333 130 1.31737 1.348 -0.030626
334 130 1.32689 1.347 -0.0201111
335 130 1.33654 1.347 -0.0104578
336 130 1.34634 1.345 0.00133699
330 131 1.29485 1.36 -0.065147
331 131 1.30404 1.354 -0.0499558
332 131 1.31337 1.352 -0.0386332
333 131 1.32282 1.352 -0.0291763
334 131 1.33242 1.358 -0.0255823
329 132 1.29098 1.359 -0.0680185
330 132 1.30012 1.356 -0.0558824
# frame: ./0014_sync_depth.png
# frame: ./0015_depth.png
# frame: ./0015_sync_depth.png
# frame: ./0016_depth.png
6 138 1.49744 1.429 0.0684413
# frame: ./0016_sync_depth.png
# frame: ./0017_depth.png
# frame: ./0017_sync_depth.png
192 154 1.52926 1.452 0.0772641
193 154 1.52785 1.448 0.0798487
# frame: ./0018_depth.png
11 217 1.29372 1.282 0.0117182
12 217 1.23458 1.284 -0.0494166
13 218 1.21058 1.288 -0.0774199
# frame: ./0018_sync_depth.png
# frame: ./0019_depth.png
# frame: ./0019_sync_depth.png
232 121 1.37655 1.45 -0.0734512
230 122 1.46798 1.446 0.0219808
227 123 1.44771 1.447 0.000712511
224 124 1.428 1.459 -0.0310037
221 125 1.40881 1.447 -0.0381901
222 125 1.52664 1.449 0.0776352
218 126 1.39013 1.457 -0.0668677
219 126 1.50473 1.448 0.056727
216 127 1.48344 1.453 0.0304387
213 128 1.46274 1.446 0.0167444
210 129 1.44262 1.445 -0.00238053
207 130 1.42304 1.448 -0.0249592
204 131 1.40399 1.441 -0.0370135
205 131 1.52097 1.441 0.0799728
201 132 1.38544 1.44 -0.0545643
202 132 1.49923 1.442 0.0572257
199 133 1.47809 1.438 0.0400917
# frame: ./0020_depth.png
# frame: ./0020_sync_depth.png
311 98 1.49698 1.528 -0.0310236
# frame: ./0021_depth.png
130 51 1.24961 1.328 -0.0783898
131 52 1.24817 1.328 -0.0798336
132 52 1.24715 1.325 -0.077851
133 52 1.24613 1.324 -0.0778668
134 52 1.24512 1.324 -0.0788809
122 53 1.25697 1.336 -0.0790313
132 53 1.24673 1.326 -0.079274
133 53 1.24571 1.324 -0.0782891
134 53 1.2447 1.322 -0.0773026
135 53 1.24369 1.323 -0.0793144
136 53 1.24268 1.322 -0.0793245
137 53 1.24167 1.321 -0.079333
138 53 1.24066 1.319 -0.0783399
139 53 1.23965 1.318 -0.0783451
140 53 1.23865 1.314 -0.0753488
134 54 1.24428 1.323 -0.0787239
135 54 1.24326 1.323 -0.079735
136 54 1.24226 1.322 -0.0797445
137 54 1.24125 1.32 -0.0787523
138 54 1.24024 1.318 -0.0777585
139 54 1.23924 1.316 -0.0767631
140 54 1.23823 1.314 -0.075766
141 54 1.23723 1.31 -0.0727673
142 54 1.23623 1.309 -0.0727671
143 54 1.23523 1.305 -0.0697651
144 54 1.23424 1.305 -0.0707616
133 55 1.24487 1.323 -0.0781329
134 55 1.24386 1.322 -0.078145
135 55 1.24284 1.322 -0.0791554
136 55 1.24184 1.321 -0.0791642
137 55 1.24083 1.319 -0.0781713
138 55 1.23982 1.315 -0.0751769
139 55 1.23882 1.313 -0.0741807
140 55 1.23782 1.313 -0.075183
141 55 1.23682 1.312 -0.0751837
142 55 1.23582 1.307 -0.0711827
143 55 1.23482 1.305 -0.0701801
144 55 1.23382 1.307 -0.0731759
145 55 1.23283 1.306 -0.0731701
146 55 1.23184 1.306 -0.0741627
147 55 1.23085 1.306 -0.0751537
148 55 1.22986 1.305 -0.0751431
149 55 1.22887 1.306 -0.077131
133 56 1.24445 1.324 -0.0795543
134 56 1.24343 1.322 -0.0785657
135 56 1.24242 1.321 -0.0785755
136 56 1.24142 1.32 -0.0785836
137 56 1.24041 1.319 -0.0785901
138 56 1.23941 1.316 -0.0765949
139 56 1.2384 1.315 -0.0765981
140 56 1.2374 1.314 -0.0765997
142 56 1.2354 1.314 -0.078598
146 56 1.23142 1.309 -0.0775754
147 56 1.23043 1.305 -0.0745658
148 56 1.22945 1.302 -0.0725545
149 56 1.22846 1.299 -0.0705417
150 56 1.22747 1.297 -0.0695272
151 56 1.22649 1.298 -0.0715112
152 56 1.22551 1.296 -0.0704937
153 56 1.22453 1.293 -0.0684745
154 56 1.22355 1.291 -0.0674538
125 57 1.25217 1.332 -0.0798303
134 57 1.24301 1.322 -0.0789862
135 57 1.242 1.319 -0.0769953
136 57 1.241 1.318 -0.0770027
137 57 1.23999 1.317 -0.0770085
138 57 1.23899 1.315 -0.0760127
139 57 1.23798 1.314 -0.0760152
140 57 1.23698 1.313 -0.0760161
142 57 1.23499 1.31 -0.0750131
144 57 1.233 1.309 -0.0760037
145 57 1.232 1.309 -0.0769965
146 57 1.23101 1.305 -0.0739878
147 57 1.23002 1.303 -0.0729775
148 57 1.22903 1.302 -0.0729656
149 57 1.22805 1.3 -0.0719521
150 57 1.22706 1.298 -0.070937
151 57 1.22608 1.298 -0.0719204
152 57 1.2251 1.298 -0.0729021
153 57 1.22412 1.296 -0.0718823
154 57 1.22314 1.293 -0.0698609
155 57 1.22216 1.291 -0.068838
156 57 1.22119 1.289 -0.0678135
157 57 1.22021 1.288 -0.0677875
158 57 1.21924 1.289 -0.0697599
133 58 1.2436 1.323 -0.0793964
134 58 1.24259 1.322 -0.0794064
135 58 1.24159 1.32 -0.0784148
136 58 1.24058 1.318 -0.0774216
137 58 1.23957 1.317 -0.0774267
138 58 1.23857 1.317 -0.0784302
139 58 1.23757 1.316 -0.078432
140 58 1.23657 1.315 -0.0784323
141 58 1.23557 1.307 -0.0714309
142 58 1.23457 1.301 -0.0664279
143 58 1.23358 1.307 -0.0734233
144 58 1.23258 1.307 -0.0744171
145 58 1.23159 1.304 -0.0724093
146 58 1.2306 1.305 -0.0744
147 58 1.22961 1.304 -0.074389
148 58 1.22862 1.301 -0.0723764
149 58 1.22764 1.299 -0.0713622
150 58 1.22665 1.297 -0.0703465
151 58 1.22567 1.296 -0.0703292
152 58 1.22469 1.298 -0.0733103
153 58 1.22371 1.296 -0.0722898
154 58 1.22273 1.291 -0.0682678
155 58 1.22176 1.289 -0.0672442
156 58 1.22078 1.29 -0.0692191
157 58 1.21981 1.286 -0.0661924
158 58 1.21884 1.285 -0.0661642
159 58 1.21787 1.283 -0.0651344
160 58 1.2169 1.282 -0.065103
161 58 1.21593 1.281 -0.0650701
162 58 1.21496 1.28 -0.0650357
163 58 1.214 1.277 -0.0629998
131 59 1.24521 1.325 -0.0797934
132 59 1.24419 1.322 -0.077806
133 59 1.24318 1.322 -0.078817
135 59 1.24117 1.321 -0.0798341
136 59 1.24016 1.319 -0.0788401
137 59 1.23916 1.316 -0.0768446
138 59 1.23815 1.316 -0.0778474
139 59 1.23715 1.316 -0.0788486
142 59 1.23416 1.308 -0.0738424
143 59 1.23316 1.309 -0.0758372
144 59 1.23217 1.309 -0.0768303
145 59 1.23118 1.302 -0.0708219
146 59 1.23019 1.302 -0.0718118
147 59 1.2292 1.302 -0.0728002
148 59 1.22821 1.302 -0.0737869
149 59 1.22723 1.3 -0.0727721
150 59 1.22624 1.298 -0.0717557
151 59 1.22526 1.299 -0.0737378
152 59 1.22428 1.299 -0.0747182
153 59 1.2233 1.301 -0.0776971
154 59 1.22233 1.289 -0.0666744
155 59 1.22135 1.298 -0.0766502
156 59 1.22038 1.297 -0.0766244
157 59 1.2194 1.287 -0.0675971
158 59 1.21843 1.283 -0.0645682
159 59 1.21746 1.282 -0.0645377
160 59 1.21649 1.28 -0.0635058
161 59 1.21553 1.281 -0.0654722
162 59 1.21456 1.28 -0.0654372
163 59 1.2136 1.28 -0.0664006
164 59 1.21264 1.276 -0.0633625
165 59 1.21168 1.275 -0.0633229
166 59 1.21072 1.274 -0.0632817
141 60 1.23474 1.312 -0.077261
144 60 1.23176 1.309 -0.0772432
145 60 1.23077 1.303 -0.0722341
146 60 1.22978 1.301 -0.0712234
147 60 1.22879 1.301 -0.0722111
148 60 1.2278 1.3 -0.0721972
149 60 1.22682 1.298 -0.0711817
150 60 1.22584 1.296 -0.0701647
151 60 1.22485 1.297 -0.0721461
152 60 1.22387 1.299 -0.0751259
153 60 1.2229 1.302 -0.0791041
154 60 1.22192 1.287 -0.0650808
155 60 1.22094 1.298 -0.0770559
156 60 1.21997 1.292 -0.0720295
157 60 1.219 1.285 -0.0660015
158 60 1.21803 1.282 -0.0639719
159 60 1.21706 1.281 -0.0639409
160 60 1.21609 1.28 -0.0639082
161 60 1.21513 1.279 -0.0638741
162 60 1.21416 1.278 -0.0638384
163 60 1.2132 1.278 -0.0648012
164 60 1.21224 1.276 -0.0637624
165 60 1.21128 1.275 -0.0637222
166 60 1.21032 1.273 -0.0626804
131 61 1.24436 1.324 -0.0796365
138 61 1.23732 1.317 -0.079681
139 61 1.23632 1.314 -0.0776808
140 61 1.23532 1.312 -0.076679
141 61 1.23432 1.311 -0.0766756
142 61 1.23333 1.308 -0.0746706
143 61 1.23234 1.308 -0.0756641
144 61 1.23134 1.307 -0.0756559
145 61 1.23035 1.303 -0.0726461
146 61 1.22937 1.3 -0.0706347
147 61 1.22838 1.298 -0.0696217
148 61 1.22739 1.296 -0.0686072
149 61 1.22641 1.299 -0.0725911
150 61 1.22543 1.297 -0.0715734
151 61 1.22445 1.299 -0.0745541
152 61 1.22347 1.301 -0.0775332
154 61 1.22151 1.299 -0.0774868
156 61 1.21957 1.29 -0.0704342
157 61 1.21859 1.287 -0.0684056
158 61 1.21762 1.284 -0.0663754
159 61 1.21666 1.284 -0.0673437
160 61 1.21569 1.282 -0.0663104
161 61 1.21472 1.282 -0.0672756
162 61 1.21376 1.281 -0.0672393
163 61 1.2128 1.282 -0.0692015
164 61 1.21184 1.282 -0.0701621
165 61 1.21088 1.288 -0.0771212
135 62 1.23991 1.312 -0.0720901
136 62 1.23891 1.316 -0.0770941
139 62 1.2359 1.315 -0.0790965
140 62 1.23491 1.312 -0.077094
141 62 1.23391 1.311 -0.07709
142 62 1.23292 1.311 -0.0780843
143 62 1.23192 1.309 -0.0770771
144 62 1.23093 1.308 -0.0770682
145 62 1.22994 1.306 -0.0760578
146 62 1.22895 1.303 -0.0740457
147 62 1.22797 1.301 -0.0730321
148 62 1.22698 1.299 -0.0720169
149 62 1.226 1.298 -0.0720001
150 62 1.22502 1.295 -0.0699818
151 62 1.22404 1.298 -0.0739618
156 62 1.21916 1.287 -0.0678387
157 62 1.21819 1.285 -0.0668095
158 62 1.21722 1.284 -0.0667786
159 62 1.21625 1.284 -0.0677463
160 62 1.21529 1.282 -0.0667124
161 62 1.21432 1.28 -0.0656769
162 62 1.21336 1.28 -0.06664
163 62 1.2124 1.28 -0.0676015
164 62 1.21144 1.28 -0.0685615
165 62 1.21048 1.276 -0.06552
135 63 1.23949 1.307 -0.0675082
136 63 1.23849 1.31 -0.0715116
137 63 1.23749 1.316 -0.0785133
138 63 1.23649 1.314 -0.0775134
139 63 1.23549 1.312 -0.0765119
140 63 1.23449 1.31 -0.0755088
141 63 1.2335 1.309 -0.0755041
142 63 1.2325 1.309 -0.0764977
143 63 1.23151 1.308 -0.0764898
144 63 1.23052 1.307 -0.0764803
145 63 1.22953 1.309 -0.0794692
147 63 1.22756 1.303 -0.0754422
148 63 1.22657 1.298 -0.0714263
149 63 1.22559 1.295 -0.0694089
150 63 1.22461 1.297 -0.0723899
151 63 1.22363 1.298 -0.0743693
152 63 1.22265 1.3 -0.0773472
156 63 1.21876 1.288 -0.069243
157 63 1.21779 1.286 -0.0682131
158 63 1.21682 1.284 -0.0671816
159 63 1.21585 1.284 -0.0681486
160 63 1.21489 1.282 -0.0671141
161 63 1.21392 1.281 -0.067078
162 63 1.21296 1.282 -0.0690404
163 63 1.212 1.283 -0.0710013
164 63 1.21104 1.28 -0.0689606
165 63 1.21008 1.277 -0.0669185
139 64 1.23507 1.314 -0.078927
140 64 1.23408 1.312 -0.0779233
141 64 1.23308 1.312 -0.0789179
142 64 1.23209 1.31 -0.0779109
143 64 1.2311 1.31 -0.0789023
144 64 1.23011 1.309 -0.0788921
149 64 1.22518 1.3 -0.0748174
150 64 1.2242 1.296 -0.0717977
151 64 1.22322 1.295 -0.0717765
152 64 1.22225 1.295 -0.0727537
153 64 1.22127 1.293 -0.0717293
154 64 1.2203 1.29 -0.0697034
155 64 1.21932 1.288 -0.068676
156 64 1.21835 1.285 -0.0666469
157 64 1.21738 1.284 -0.0666164
158 64 1.21642 1.282 -0.0655843
159 64 1.21545 1.281 -0.0655506
160 64 1.21448 1.28 -0.0655155
161 64 1.21352 1.28 -0.0664788
162 64 1.21256 1.281 -0.0684405
163 64 1.2116 1.283 -0.0714008
164 64 1.21064 1.285 -0.0743595
138 65 1.23566 1.314 -0.0783447
139 65 1.23466 1.313 -0.0783419
140 65 1.23366 1.31 -0.0763374
141 65 1.23267 1.31 -0.0773314
142 65 1.23168 1.308 -0.0763237
143 65 1.23069 1.308 -0.0773145
144 65 1.2297 1.308 -0.0783036
146 65 1.22772 1.304 -0.0762772
147 65 1.22674 1.304 -0.0772616
148 65 1.22576 1.305 -0.0792444
149 65 1.22477 1.297 -0.0722257
150 65 1.22379 1.295 -0.0712053
151 65 1.22282 1.295 -0.0721834
152 65 1.22184 1.294 -0.07216
153 65 1.22087 1.292 -0.071135
154 65 1.21989 1.29 -0.0701084
155 65 1.21892 1.289 -0.0700803
156 65 1.21795 1.289 -0.0710506
157 65 1.21698 1.287 -0.0700194
158 65 1.21601 1.283 -0.0669867
159 65 1.21505 1.283 -0.0679524
160 65 1.21408 1.282 -0.0679166
161 65 1.21312 1.283 -0.0698793
162 65 1.21216 1.284 -0.0718404
163 65 1.2112 1.288 -0.0768
137 66 1.23624 1.316 -0.0797619
138 66 1.23524 1.314 -0.07876
139 66 1.23424 1.314 -0.0797565
140 66 1.23325 1.312 -0.0787514
141 66 1.23226 1.312 -0.0797446
142 66 1.23126 1.309 -0.0777363
143 66 1.23027 1.309 -0.0787264
144 66 1.22929 1.308 -0.0787149
146 66 1.22731 1.302 -0.0746871
147 66 1.22633 1.303 -0.0766709
148 66 1.22535 1.305 -0.079653
149 66 1.22437 1.3 -0.0756336
150 66 1.22339 1.298 -0.0746126
151 66 1.22241 1.297 -0.0745901
152 66 1.22143 1.293 -0.071566
153 66 1.22046 1.291 -0.0705404
154 66 1.21949 1.289 -0.0695131
155 66 1.21852 1.289 -0.0704844
156 66 1.21755 1.29 -0.0724541
157 66 1.21658 1.288 -0.0714222
158 66 1.21561 1.284 -0.0683889
159 66 1.21465 1.284 -0.0693539
160 66 1.21368 1.283 -0.0693175
161 66 1.21272 1.282 -0.0692795
162 66 1.21176 1.28 -0.06824
163 66 1.2108 1.279 -0.068199
164 66 1.20984 1.278 -0.0681564
136 67 1.23682 1.316 -0.0791785
137 67 1.23582 1.314 -0.0781775
138 67 1.23483 1.313 -0.078175
139 67 1.23383 1.312 -0.0781708
140 67 1.23284 1.312 -0.079165
141 67 1.23184 1.31 -0.0781576
142 67 1.23085 1.308 -0.0771486
143 67 1.22986 1.308 -0.078138
148 67 1.22494 1.3 -0.0750614
149 67 1.22396 1.298 -0.0740413
150 67 1.22298 1.296 -0.0730197
151 67 1.222 1.295 -0.0729965
152 67 1.22103 1.294 -0.0729718
153 67 1.22005 1.294 -0.0739455
154 67 1.21908 1.293 -0.0739176
155 67 1.21811 1.295 -0.0768882
156 67 1.21714 1.297 -0.0798573
160 67 1.21328 1.29 -0.0767181
161 67 1.21232 1.283 -0.0706795
162 67 1.21136 1.279 -0.0676394
163 67 1.2104 1.278 -0.0675977
142 68 1.23044 1.31 -0.0795606
143 68 1.22945 1.309 -0.0795494
144 68 1.22846 1.308 -0.0795366
148 68 1.22453 1.3 -0.0754695
149 68 1.22355 1.297 -0.0734487
150 68 1.22257 1.297 -0.0744265
151 68 1.2216 1.296 -0.0744026
152 68 1.22062 1.295 -0.0743772
153 68 1.21965 1.293 -0.0733503
154 68 1.21868 1.292 -0.0733218
155 68 1.21771 1.293 -0.0752917
156 68 1.21674 1.296 -0.0792602
158 68 1.21481 1.293 -0.0781924
160 68 1.21288 1.284 -0.0711184
161 68 1.21192 1.279 -0.0670792
162 68 1.21096 1.277 -0.0660384
163 68 1.21 1.275 -0.0649961
142 69 1.23003 1.31 -0.0799724
143 69 1.22904 1.306 -0.0769605
144 69 1.22805 1.304 -0.075947
145 69 1.22707 1.304 -0.0769319
146 69 1.22608 1.303 -0.0769153
147 69 1.2251 1.302 -0.0768971
148 69 1.22412 1.298 -0.0738773
149 69 1.22314 1.295 -0.0718559
150 69 1.22217 1.294 -0.071833
151 69 1.22119 1.293 -0.0718085
152 69 1.22022 1.291 -0.0707824
153 69 1.21925 1.289 -0.0697548
154 69 1.21827 1.289 -0.0707257
155 69 1.2173 1.293 -0.075695
158 69 1.21441 1.294 -0.0795937
160 69 1.21248 1.283 -0.0705185
161 69 1.21152 1.282 -0.0704787
162 69 1.21056 1.279 -0.0684373
163 69 1.20961 1.278 -0.0683943
142 70 1.22962 1.309 -0.0793839
143 70 1.22863 1.306 -0.0773713
144 70 1.22764 1.304 -0.0763572
145 70 1.22666 1.304 -0.0773414
146 70 1.22568 1.302 -0.0763241
147 70 1.22469 1.301 -0.0763052
148 70 1.22372 1.299 -0.0752848
149 70 1.22274 1.299 -0.0762628
150 70 1.22176 1.296 -0.0742392
151 70 1.22079 1.295 -0.0742141
152 70 1.21981 1.293 -0.0731874
153 70 1.21884 1.292 -0.0731591
154 70 1.21787 1.292 -0.0741294
155 70 1.2169 1.295 -0.078098
159 70 1.21304 1.289 -0.0759573
160 70 1.21208 1.282 -0.0699184
161 70 1.21112 1.28 -0.0688778
162 70 1.21016 1.278 -0.0678358
142 71 1.2292 1.307 -0.0777951
143 71 1.22822 1.305 -0.0767818
144 71 1.22723 1.303 -0.075767
145 71 1.22625 1.303 -0.0767506
146 71 1.22527 1.3 -0.0747327
147 71 1.22429 1.299 -0.0747132
148 71 1.22331 1.298 -0.0746921
149 71 1.22233 1.302 -0.0796694
150 71 1.22135 1.301 -0.0796452
151 71 1.22038 1.296 -0.0756194
152 71 1.21941 1.292 -0.072592
153 71 1.21844 1.289 -0.0705632
154 71 1.21747 1.287 -0.0695327
155 71 1.2165 1.288 -0.0715008
156 71 1.21553 1.287 -0.0714673
157 71 1.21457 1.286 -0.0714322
159 71 1.21264 1.291 -0.0783575
160 71 1.21168 1.283 -0.0713179
161 71 1.21072 1.282 -0.0712768
162 71 1.20977 1.28 -0.0702341
142 72 1.22879 1.308 -0.079206
143 72 1.22781 1.306 -0.0781921
144 72 1.22682 1.306 -0.0791766
145 72 1.22584 1.305 -0.0791596
146 72 1.22486 1.302 -0.077141
147 72 1.22388 1.301 -0.0771208
148 72 1.2229 1.3 -0.077099
153 72 1.21803 1.293 -0.0749669
154 72 1.21706 1.29 -0.0729359
155 72 1.2161 1.29 -0.0739032
156 72 1.21513 1.288 -0.0728691
157 72 1.21417 1.287 -0.0728334
158 72 1.2132 1.283 -0.0697962
159 72 1.21224 1.283 -0.0707575
160 72 1.21128 1.279 -0.0677172
161 72 1.21032 1.278 -0.0676754
162 72 1.20937 1.277 -0.0676321
142 73 1.22838 1.308 -0.0796166
143 73 1.2274 1.306 -0.0786021
144 73 1.22641 1.305 -0.078586
145 73 1.22543 1.304 -0.0785683
146 73 1.22445 1.301 -0.076549
147 73 1.22347 1.3 -0.0765282
148 73 1.22249 1.3 -0.0775058
153 73 1.21763 1.29 -0.0723704
154 73 1.21666 1.289 -0.0723387
155 73 1.21569 1.289 -0.0733054
156 73 1.21473 1.288 -0.0732707
157 73 1.21377 1.285 -0.0712343
158 73 1.2128 1.282 -0.0691965
159 73 1.21184 1.281 -0.0691571
160 73 1.21088 1.282 -0.0711162
161 73 1.20993 1.278 -0.0680738
144 74 1.226 1.306 -0.079995
145 74 1.22502 1.304 -0.0789767
146 74 1.22404 1.301 -0.0769568
147 74 1.22306 1.301 -0.0779353
148 74 1.22209 1.301 -0.0789122
152 74 1.2182 1.298 -0.0798044
153 74 1.21723 1.293 -0.0757736
154 74 1.21626 1.291 -0.0747413
155 74 1.21529 1.291 -0.0757074
156 74 1.21433 1.289 -0.074672
157 74 1.21336 1.287 -0.073635
158 74 1.2124 1.284 -0.0715965
159 74 1.21144 1.285 -0.0735565
144 75 1.2256 1.304 -0.0784038
145 75 1.22462 1.301 -0.0763848
146 75 1.22364 1.3 -0.0763642
147 75 1.22266 1.302 -0.0793421
152 75 1.21779 1.296 -0.078208
153 75 1.21682 1.292 -0.0751766
154 75 1.21586 1.29 -0.0741436
155 75 1.21489 1.289 -0.0741091
156 75 1.21393 1.287 -0.073073
157 75 1.21296 1.285 -0.0720354
158 75 1.212 1.283 -0.0709963
159 75 1.21104 1.285 -0.0739557
144 76 1.22519 1.305 -0.0798123
145 76 1.22421 1.302 -0.0777927
146 76 1.22323 1.302 -0.0787715
152 76 1.21739 1.296 -0.0786114
153 76 1.21642 1.292 -0.0755793
154 76 1.21545 1.29 -0.0745456
155 76 1.21449 1.29 -0.0755105
156 76 1.21353 1.287 -0.0734738
157 76 1.21256 1.286 -0.0734356
158 76 1.2116 1.285 -0.0733958
159 76 1.21065 1.288 -0.0773545
145 77 1.2238 1.302 -0.0782003
146 77 1.22282 1.301 -0.0781784
147 77 1.22185 1.3 -0.078155
148 77 1.22087 1.3 -0.07913
150 77 1.21892 1.298 -0.0790753
151 77 1.21795 1.297 -0.0790456
152 77 1.21699 1.291 -0.0740144
153 77 1.21602 1.289 -0.0729817
154 77 1.21505 1.288 -0.0729474
155 77 1.21409 1.287 -0.0729116
156 77 1.21313 1.284 -0.0708743
157 77 1.21216 1.284 -0.0718354
158 77 1.2112 1.285 -0.0737951
146 78 1.22241 1.302 -0.0795851
147 78 1.22144 1.3 -0.078561
148 78 1.22046 1.298 -0.0775353
149 78 1.21949 1.299 -0.0795081
150 78 1.21852 1.297 -0.0784794
151 78 1.21755 1.296 -0.0784491
152 78 1.21658 1.292 -0.0754172
153 78 1.21562 1.291 -0.0753839
154 78 1.21465 1.29 -0.075349
155 78 1.21369 1.29 -0.0763125
156 78 1.21273 1.286 -0.0732745
157 78 1.21176 1.287 -0.075235
158 78 1.21081 1.289 -0.078194
145 79 1.22299 1.302 -0.0790146
146 79 1.22201 1.299 -0.0769915
147 79 1.22103 1.297 -0.0759667
148 79 1.22006 1.296 -0.0759404
149 79 1.21909 1.296 -0.0769126
150 79 1.21812 1.294 -0.0758832
151 79 1.21715 1.293 -0.0758522
152 79 1.21618 1.291 -0.0748198
153 79 1.21521 1.291 -0.0757858
154 79 1.21425 1.29 -0.0757502
155 79 1.21329 1.29 -0.0767131
156 79 1.21233 1.287 -0.0746745
157 79 1.21137 1.285 -0.0736344
158 79 1.21041 1.284 -0.0735927
159 79 1.20945 1.284 -0.0745496
146 80 1.2216 1.3 -0.0783976
147 80 1.22063 1.299 -0.0783722
148 80 1.21965 1.298 -0.0783453
149 80 1.21868 1.297 -0.0783168
150 80 1.21771 1.295 -0.0772867
151 80 1.21674 1.296 -0.0792552
157 80 1.21097 1.287 -0.0760335
158 80 1.21001 1.283 -0.0729912
159 80 1.20905 1.283 -0.0739474
145 81 1.22217 1.301 -0.0788279
146 81 1.2212 1.299 -0.0778034
147 81 1.22022 1.298 -0.0777774
148 81 1.21925 1.297 -0.0777498
149 81 1.21828 1.295 -0.0767207
150 81 1.21731 1.295 -0.07769
151 81 1.21634 1.294 -0.0776578
152 81 1.21538 1.295 -0.079624
156 81 1.21153 1.288 -0.0764737
157 81 1.21057 1.283 -0.0724323
158 81 1.20961 1.281 -0.0713894
159 81 1.20866 1.28 -0.071345
146 82 1.22079 1.3 -0.079209
147 82 1.21982 1.299 -0.0791824
156 82 1.21113 1.287 -0.0758729
157 82 1.21017 1.286 -0.0758309
158 82 1.20921 1.284 -0.0747873
145 83 1.22136 1.301 -0.0796401
146 83 1.22039 1.299 -0.0786144
147 83 1.21941 1.296 -0.076587
148 83 1.21844 1.295 -0.0765582
149 83 1.21747 1.295 -0.0775277
156 83 1.21073 1.288 -0.0772718
157 83 1.20977 1.285 -0.0752292
158 83 1.20882 1.284 -0.075185
147 84 1.21901 1.297 -0.0779914
148 84 1.21804 1.297 -0.0789619
149 84 1.21707 1.296 -0.0789308
156 84 1.21033 1.287 -0.0766705
157 84 1.20937 1.286 -0.0766272
158 84 1.20842 1.284 -0.0755824
147 85 1.2186 1.296 -0.0773956
148 85 1.21763 1.296 -0.0783654
149 85 1.21667 1.293 -0.0763337
150 85 1.2157 1.293 -0.0773005
151 85 1.21473 1.291 -0.0762657
152 85 1.21377 1.291 -0.0772294
153 85 1.21281 1.291 -0.0781915
154 85 1.21185 1.291 -0.0791522
155 85 1.21089 1.287 -0.0761113
156 85 1.20993 1.284 -0.0740689
157 85 1.20898 1.283 -0.074025
150 86 1.2153 1.294 -0.0787024
151 86 1.21433 1.292 -0.077667
152 86 1.21337 1.291 -0.07763
153 86 1.21241 1.29 -0.0775916
154 86 1.21145 1.289 -0.0775516
155 86 1.21049 1.288 -0.0775101
156 86 1.20953 1.285 -0.075467
157 86 1.20858 1.284 -0.0754225
149 87 1.21586 1.294 -0.0781386
150 87 1.2149 1.292 -0.0771041
151 87 1.21393 1.29 -0.076068
152 87 1.21297 1.289 -0.0760304
153 87 1.21201 1.288 -0.0759913
154 87 1.21105 1.287 -0.0759507
155 87 1.21009 1.287 -0.0769086
156 87 1.20914 1.288 -0.0788649
150 88 1.21449 1.294 -0.0795055
151 88 1.21353 1.293 -0.0794688
152 88 1.21257 1.292 -0.0794306
153 88 1.21161 1.29 -0.0783908
154 88 1.21065 1.29 -0.0793496
149 89 1.21506 1.294 -0.0789424
150 89 1.21409 1.292 -0.0779066
151 89 1.21313 1.291 -0.0778693
152 89 1.21217 1.291 -0.0788305
153 89 1.21121 1.289 -0.0777901
154 89 1.21025 1.289 -0.0787482
149 91 1.21425 1.294 -0.0797452
150 91 1.21329 1.293 -0.0797082
151 91 1.21233 1.291 -0.0786696
152 91 1.21137 1.29 -0.0786294
153 91 1.21041 1.288 -0.0775878
154 91 1.20946 1.289 -0.0795446
151 93 1.21153 1.289 -0.0774687
152 93 1.21057 1.288 -0.0774274
153 93 1.20962 1.287 -0.0773845
# frame: ./0021_sync_depth.png
# frame: ./0022_depth.png
155 73 1.25863 1.338 -0.0793739
155 74 1.25884 1.337 -0.0781631
156 74 1.26322 1.338 -0.074783
154 75 1.2547 1.333 -0.0783035
155 75 1.25905 1.332 -0.0729522
156 75 1.26343 1.331 -0.0675707
157 75 1.26784 1.331 -0.0631585
154 76 1.25491 1.334 -0.0790941
155 76 1.25926 1.333 -0.0737413
156 76 1.26364 1.332 -0.0683583
157 76 1.26806 1.33 -0.0619447
158 76 1.2725 1.331 -0.0585001
154 77 1.25512 1.334 -0.0788845
155 77 1.25947 1.333 -0.0735303
156 77 1.26385 1.331 -0.0671458
157 77 1.26827 1.329 -0.0607307
158 77 1.27272 1.329 -0.0562846
159 77 1.27719 1.331 -0.0538073
155 78 1.25968 1.336 -0.0763193
156 78 1.26407 1.335 -0.0709333
157 78 1.26848 1.333 -0.0645167
158 78 1.27293 1.332 -0.0590691
159 78 1.27741 1.332 -0.0545902
160 78 1.28192 1.33 -0.0480797
154 79 1.25553 1.335 -0.0794652
155 79 1.25989 1.334 -0.0741081
156 79 1.26428 1.333 -0.0687207
157 79 1.2687 1.333 -0.0643026
158 79 1.27315 1.333 -0.0598535
159 79 1.27763 1.333 -0.0553731
160 79 1.28214 1.329 -0.046861
155 80 1.2601 1.335 -0.0748969
156 80 1.26449 1.334 -0.069508
157 80 1.26891 1.335 -0.0660884
158 80 1.27336 1.337 -0.0636378
159 80 1.27784 1.341 -0.0631559
160 80 1.28236 1.335 -0.0526423
161 80 1.2869 1.329 -0.0420967
154 81 1.25595 1.335 -0.0790457
155 81 1.26031 1.333 -0.0726857
156 81 1.2647 1.332 -0.0672953
157 81 1.26913 1.334 -0.0648742
158 81 1.27358 1.337 -0.0634221
159 81 1.27806 1.345 -0.0669386
160 81 1.28258 1.337 -0.0544235
161 81 1.28712 1.329 -0.0418764
162 81 1.2917 1.327 -0.0352969
155 82 1.26053 1.339 -0.0784743
156 82 1.26492 1.339 -0.0740825
157 82 1.26934 1.34 -0.0706599
158 82 1.27379 1.339 -0.0652063
159 82 1.27828 1.337 -0.0587213
160 82 1.2828 1.341 -0.0582046
161 82 1.28734 1.334 -0.0466559
162 82 1.29193 1.329 -0.0370749
163 82 1.29654 1.328 -0.0314611
155 83 1.26074 1.338 -0.0772629
156 83 1.26513 1.341 -0.0758696
157 83 1.26955 1.344 -0.0744455
158 83 1.27401 1.334 -0.0599904
159 83 1.2785 1.33 -0.0515039
160 83 1.28301 1.334 -0.0509857
161 83 1.28756 1.337 -0.0494354
162 83 1.29215 1.33 -0.0378528
163 83 1.29676 1.329 -0.0322374
164 83 1.30141 1.33 -0.0285889
155 84 1.26095 1.339 -0.0780514
156 84 1.26534 1.34 -0.0746566
157 84 1.26977 1.344 -0.074231
158 84 1.27423 1.336 -0.0617744
159 84 1.27871 1.333 -0.0542864
160 84 1.28323 1.334 -0.0507666
161 84 1.28779 1.334 -0.0462148
162 84 1.29237 1.331 -0.0386306
163 84 1.29699 1.331 -0.0340136
164 84 1.30164 1.332 -0.0303636
165 84 1.30632 1.334 -0.02768
154 85 1.25679 1.335 -0.0782057
155 85 1.26116 1.334 -0.0728399
156 85 1.26556 1.334 -0.0684436
157 85 1.26998 1.337 -0.0670165
158 85 1.27444 1.34 -0.0655584
159 85 1.27893 1.338 -0.0590688
160 85 1.28345 1.331 -0.0475475
161 85 1.28801 1.33 -0.0419942
162 85 1.29259 1.329 -0.0364084
163 85 1.29721 1.328 -0.0307898
164 85 1.30186 1.328 -0.0261381
165 85 1.30655 1.327 -0.020453
154 86 1.257 1.336 -0.0789956
155 86 1.26137 1.335 -0.0736282
156 86 1.26577 1.334 -0.0682305
157 86 1.2702 1.336 -0.0658019
158 86 1.27466 1.341 -0.0663423
159 86 1.27915 1.34 -0.0608512
160 86 1.28367 1.332 -0.0483284
161 86 1.28823 1.33 -0.0417734
162 86 1.29281 1.33 -0.0371861
163 86 1.29743 1.33 -0.0325659
164 86 1.30209 1.328 -0.0259126
165 86 1.30677 1.327 -0.0202258
166 86 1.31149 1.328 -0.0165052
154 87 1.25721 1.335 -0.0777853
155 87 1.26158 1.333 -0.0714165
156 87 1.26598 1.333 -0.0670173
157 87 1.27041 1.332 -0.0615872
158 87 1.27487 1.332 -0.0571261
159 87 1.27937 1.33 -0.0506335
160 87 1.28389 1.329 -0.0451091
161 87 1.28845 1.329 -0.0405526
162 87 1.29304 1.329 -0.0359637
163 87 1.29766 1.329 -0.0313419
164 87 1.30231 1.326 -0.023687
165 87 1.307 1.324 -0.0169986
166 87 1.31172 1.323 -0.0112763
167 87 1.31648 1.325 -0.00851976
154 88 1.25742 1.335 -0.077575
155 88 1.2618 1.334 -0.0722048
156 88 1.2662 1.333 -0.066804
157 88 1.27063 1.332 -0.0613725
158 88 1.27509 1.331 -0.0559098
159 88 1.27958 1.331 -0.0514157
160 88 1.28411 1.329 -0.0448898
161 88 1.28867 1.33 -0.0413317
162 88 1.29326 1.329 -0.0357412
163 88 1.29788 1.33 -0.0321179
164 88 1.30254 1.328 -0.0254614
165 88 1.30723 1.326 -0.0187713
166 88 1.31195 1.325 -0.0130474
167 88 1.31671 1.324 -0.00728916
168 88 1.3215 1.324 -0.00249631
154 89 1.25764 1.334 -0.0763646
155 89 1.26201 1.332 -0.0699929
156 89 1.26641 1.332 -0.0655907
157 89 1.27084 1.333 -0.0621577
158 89 1.27531 1.332 -0.0566935
159 89 1.2798 1.33 -0.0501978
160 89 1.28433 1.328 -0.0436704
161 89 1.28889 1.328 -0.0391108
162 89 1.29348 1.328 -0.0345187
163 89 1.29811 1.328 -0.0298937
164 89 1.30276 1.326 -0.0232356
165 89 1.30746 1.323 -0.0155439
166 89 1.31218 1.324 -0.0118184
167 89 1.31694 1.324 -0.00705848
168 89 1.32174 1.322 -0.000263941
169 89 1.32657 1.32 0.00656563
154 90 1.25785 1.334 -0.0761542
155 90 1.26222 1.334 -0.071781
156 90 1.26662 1.334 -0.0673773
157 90 1.27106 1.34 -0.0689428
158 90 1.27552 1.343 -0.0674771
159 90 1.28002 1.338 -0.0579799
160 90 1.28455 1.33 -0.0454509
161 90 1.28911 1.329 -0.0398897
162 90 1.2937 1.329 -0.0352961
163 90 1.29833 1.329 -0.0306695
164 90 1.30299 1.327 -0.0240098
165 90 1.30768 1.327 -0.0193165
166 90 1.31241 1.33 -0.0175893
167 90 1.31717 1.332 -0.0148277
168 90 1.32197 1.326 -0.00403149
169 90 1.3268 1.322 0.00479978
154 91 1.25806 1.335 -0.0769437
155 91 1.26243 1.335 -0.072569
156 91 1.26684 1.337 -0.0701638
157 91 1.27127 1.343 -0.0717278
158 91 1.27574 1.346 -0.0702606
159 91 1.28024 1.339 -0.0587619
160 91 1.28477 1.33 -0.0452314
161 91 1.28933 1.328 -0.0386686
162 91 1.29393 1.327 -0.0330734
163 91 1.29855 1.326 -0.0274452
164 91 1.30322 1.325 -0.0217839
165 91 1.30791 1.326 -0.018089
166 91 1.31264 1.331 -0.0183601
167 91 1.3174 1.339 -0.0215969
168 91 1.3222 1.327 -0.00479896
169 91 1.32703 1.322 0.00503402
170 91 1.3319 1.322 0.00990245
155 92 1.26264 1.341 -0.078357
156 92 1.26705 1.341 -0.0739503
157 92 1.27149 1.339 -0.0675128
158 92 1.27596 1.336 -0.0600441
159 92 1.28046 1.343 -0.0625438
160 92 1.28499 1.335 -0.0500117
161 92 1.28955 1.332 -0.0424474
162 92 1.29415 1.33 -0.0358506
163 92 1.29878 1.33 -0.0312209
164 92 1.30344 1.331 -0.0275579
165 92 1.30814 1.334 -0.0258613
166 92 1.31287 1.337 -0.0241308
167 92 1.31763 1.334 -0.0163659
168 92 1.32243 1.334 -0.0115663
169 92 1.32727 1.329 -0.00173167
170 92 1.33214 1.329 0.00313849
171 92 1.33704 1.323 0.0140445
155 93 1.26286 1.341 -0.0781448
156 93 1.26726 1.342 -0.0747367
157 93 1.2717 1.331 -0.0592977
158 93 1.27617 1.333 -0.0568274
159 93 1.28067 1.341 -0.0603257
160 93 1.28521 1.343 -0.057792
161 93 1.28977 1.332 -0.0422262
162 93 1.29437 1.33 -0.0356278
163 93 1.299 1.33 -0.0309964
164 93 1.30367 1.333 -0.0293319
165 93 1.30837 1.334 -0.0256337
166 93 1.3131 1.331 -0.0179015
167 93 1.31787 1.328 -0.0101349
168 93 1.32267 1.337 -0.0143337
169 93 1.3275 1.334 -0.00649727
170 93 1.33237 1.334 -0.00162539
171 93 1.33728 1.32 0.0172824
172 93 1.34223 1.318 0.0242265
155 94 1.26307 1.342 -0.0789326
156 94 1.26748 1.345 -0.077523
157 94 1.27192 1.341 -0.0690825
158 94 1.27639 1.342 -0.0656107
159 94 1.28089 1.343 -0.0621074
160 94 1.28543 1.339 -0.0535722
161 94 1.29 1.333 -0.0430048
162 94 1.2946 1.332 -0.0374048
163 94 1.29923 1.332 -0.0327719
164 94 1.30389 1.334 -0.0301057
165 94 1.30859 1.333 -0.0244059
166 94 1.31333 1.324 -0.0106721
167 94 1.3181 1.324 -0.00590384
168 94 1.3229 1.333 -0.0101009
169 94 1.32774 1.33 -0.00226279
170 94 1.33261 1.33 0.00261082
171 94 1.33752 1.321 0.0165203
172 94 1.34247 1.321 0.0214662
173 94 1.34745 1.322 0.0254487
154 95 1.2589 1.338 -0.0791009
155 95 1.26328 1.339 -0.0757204
156 95 1.26769 1.341 -0.0733093
157 95 1.27213 1.342 -0.0698672
158 95 1.27661 1.342 -0.065394
159 95 1.28111 1.335 -0.0538891
160 95 1.28565 1.332 -0.0463524
161 95 1.29022 1.329 -0.0387834
162 95 1.29482 1.328 -0.0331818
163 95 1.29945 1.327 -0.0275473
164 95 1.30412 1.328 -0.0238795
165 95 1.30882 1.329 -0.020178
166 95 1.31356 1.331 -0.0174426
167 95 1.31833 1.33 -0.0116727
168 95 1.32313 1.326 -0.00286802
169 95 1.32797 1.322 0.00597178
170 95 1.33285 1.322 0.0108471
171 95 1.33776 1.317 0.0207584
172 95 1.34271 1.316 0.026706
173 95 1.34769 1.317 0.0306903
174 95 1.35271 1.322 0.0307118
154 96 1.25911 1.339 -0.07989
155 96 1.26349 1.338 -0.074508
156 96 1.2679 1.338 -0.0700954
157 96 1.27235 1.339 -0.0666519
158 96 1.27682 1.337 -0.0601771
159 96 1.28133 1.331 -0.0496708
160 96 1.28587 1.329 -0.0431325
161 96 1.29044 1.33 -0.0395619
162 96 1.29504 1.33 -0.0349588
163 96 1.29968 1.329 -0.0293226
164 96 1.30435 1.328 -0.0236532
165 96 1.30905 1.329 -0.0199501
166 96 1.31379 1.334 -0.020213
167 96 1.31856 1.332 -0.0134414
168 96 1.32336 1.324 -0.000635081
169 96 1.32821 1.321 0.00720642
170 96 1.33308 1.321 0.0120835
171 96 1.338 1.319 0.0189965
172 96 1.34295 1.319 0.0239458
173 96 1.34793 1.319 0.028932
174 96 1.35296 1.321 0.0319552
154 97 1.25932 1.337 -0.0776791
155 97 1.2637 1.334 -0.0702956
156 97 1.26812 1.333 -0.0648815
157 97 1.27256 1.33 -0.0574365
158 97 1.27704 1.331 -0.0539602
159 97 1.28155 1.328 -0.0464523
160 97 1.28609 1.328 -0.0419125
161 97 1.29066 1.327 -0.0363403
162 97 1.29526 1.329 -0.0337356
163 97 1.2999 1.327 -0.0270979
164 97 1.30457 1.326 -0.0214268
165 97 1.30928 1.326 -0.0167221
166 97 1.31402 1.327 -0.0129833
167 97 1.31879 1.325 -0.00621009
168 97 1.3236 1.322 0.00159794
169 97 1.32844 1.319 0.00944115
170 97 1.33332 1.319 0.0143199
171 97 1.33823 1.318 0.0202347
172 97 1.34319 1.318 0.0251858
173 97 1.34817 1.318 0.0301737
174 97 1.3532 1.317 0.0361988
175 97 1.35826 1.317 0.0412615
154 98 1.25953 1.337 -0.0774681
155 98 1.26392 1.334 -0.0700831
156 98 1.26833 1.333 -0.0646676
157 98 1.27278 1.332 -0.059221
158 98 1.27726 1.332 -0.0547432
159 98 1.28177 1.329 -0.0472338
160 98 1.28631 1.329 -0.0426924
161 98 1.29088 1.33 -0.0391187
162 98 1.29549 1.331 -0.0355124
163 98 1.30013 1.33 -0.0298731
164 98 1.3048 1.328 -0.0232004
165 98 1.30951 1.328 -0.018494
166 98 1.31425 1.326 -0.0117536
167 98 1.31902 1.325 -0.00597867
168 98 1.32383 1.324 -0.000168955
169 98 1.32868 1.322 0.00667597
170 98 1.33356 1.322 0.0115565
171 98 1.33847 1.322 0.016473
172 98 1.34343 1.321 0.0224259
173 98 1.34842 1.321 0.0274156
174 98 1.35344 1.318 0.0354424
175 98 1.35851 1.317 0.0415069
176 98 1.36361 1.316 0.0476095
153 99 1.25539 1.335 -0.0796131
154 99 1.25974 1.336 -0.076257
155 99 1.26413 1.333 -0.0688706
156 99 1.26855 1.335 -0.0664535
157 99 1.27299 1.334 -0.0610055
158 99 1.27747 1.335 -0.0575261
159 99 1.28198 1.33 -0.0480152
160 99 1.28653 1.33 -0.0434722
161 99 1.2911 1.329 -0.037897
162 99 1.29571 1.329 -0.0332891
163 99 1.30035 1.327 -0.0266481
164 99 1.30503 1.327 -0.0219739
165 99 1.30973 1.326 -0.0162658
166 99 1.31448 1.326 -0.0115237
167 99 1.31925 1.324 -0.00474718
168 99 1.32406 1.325 -0.000935768
169 99 1.32891 1.323 0.00591086
170 99 1.33379 1.323 0.0107931
171 99 1.33871 1.323 0.0157114
172 99 1.34367 1.321 0.022666
173 99 1.34866 1.32 0.0286575
174 99 1.35369 1.317 0.0366862
175 99 1.35875 1.315 0.0437525
154 100 1.25995 1.337 -0.0770458
155 100 1.26434 1.337 -0.072658
156 100 1.26876 1.343 -0.0742394
157 100 1.27321 1.349 -0.0757899
158 100 1.27769 1.344 -0.066309
159 100 1.2822 1.335 -0.0527965
160 100 1.28675 1.332 -0.045252
161 100 1.29132 1.331 -0.0396752
162 100 1.29593 1.331 -0.0350657
163 100 1.30058 1.329 -0.0284232
164 100 1.30525 1.329 -0.0237473
165 100 1.30996 1.332 -0.0220376
166 100 1.31471 1.333 -0.0182938
167 100 1.31948 1.331 -0.0115156
168 100 1.3243 1.327 -0.0027025
169 100 1.32915 1.325 0.00414584
170 100 1.33403 1.324 0.0100298
171 100 1.33895 1.324 0.0149498
172 100 1.34391 1.322 0.0219062
173 100 1.3489 1.321 0.0278995
174 100 1.35393 1.32 0.03393
154 101 1.26017 1.337 -0.0768346
155 101 1.26455 1.341 -0.0764453
158 101 1.27791 1.347 -0.0690918
159 101 1.28242 1.336 -0.0535778
160 101 1.28697 1.332 -0.0450317
161 101 1.29155 1.329 -0.0374533
162 101 1.29616 1.329 -0.0328422
163 101 1.3008 1.328 -0.0271981
164 101 1.30548 1.33 -0.0245206
165 101 1.31019 1.333 -0.0228093
166 101 1.31494 1.341 -0.0260639
167 101 1.31972 1.332 -0.0122839
168 101 1.32453 1.326 -0.00146915
169 101 1.32938 1.322 0.00738091
170 101 1.33427 1.32 0.0142666
171 101 1.33919 1.32 0.0191884
172 101 1.34415 1.319 0.0251466
173 101 1.34914 1.319 0.0301416
157 102 1.27364 1.342 -0.0683584
158 102 1.27813 1.345 -0.0668745
159 102 1.28264 1.342 -0.0593589
160 102 1.28719 1.336 -0.0488113
161 102 1.29177 1.334 -0.0422314
162 102 1.29638 1.332 -0.0356187
163 102 1.30103 1.334 -0.032973
164 102 1.30571 1.336 -0.0302938
165 102 1.31042 1.338 -0.0275809
166 102 1.31517 1.337 -0.0218338
167 102 1.31995 1.34 -0.0200522
168 102 1.32476 1.329 -0.00423572
169 102 1.32962 1.323 0.00661605
170 102 1.3345 1.32 0.0145035
171 102 1.33943 1.32 0.019427
172 102 1.34439 1.32 0.024387
156 103 1.2694 1.343 -0.0735966
157 103 1.27386 1.337 -0.0631426
158 103 1.27834 1.342 -0.0636571
159 103 1.28286 1.337 -0.05414
160 103 1.28741 1.331 -0.0435909
161 103 1.29199 1.33 -0.0380093
162 103 1.2966 1.331 -0.0343951
163 103 1.30125 1.334 -0.0327477
164 103 1.30593 1.338 -0.032067
165 103 1.31065 1.332 -0.0213524
166 103 1.3154 1.337 -0.0216037
167 103 1.32018 1.34 -0.0198204
168 103 1.325 1.336 -0.0110022
169 103 1.32985 1.323 0.00685128
170 103 1.33474 1.322 0.0127405
171 103 1.33967 1.321 0.0186657
155 104 1.26519 1.345 -0.0798067
156 104 1.26962 1.346 -0.0763822
157 104 1.27407 1.345 -0.0709267
158 104 1.27856 1.345 -0.0664397
159 104 1.28308 1.336 -0.0529211
160 104 1.28763 1.332 -0.0443703
161 104 1.29221 1.332 -0.0397872
162 104 1.29683 1.333 -0.0361714
163 104 1.30148 1.336 -0.0345224
164 104 1.30616 1.334 -0.02784
165 104 1.31088 1.333 -0.0221238
166 104 1.31563 1.34 -0.0243734
167 104 1.32041 1.341 -0.0205885
168 104 1.32523 1.332 -0.0067686
169 104 1.33009 1.325 0.00508659
170 104 1.33498 1.324 0.0109775
154 105 1.26101 1.338 -0.076989
155 105 1.26541 1.338 -0.0725937
156 105 1.26983 1.344 -0.0741677
157 105 1.27429 1.342 -0.0677107
158 105 1.27878 1.336 -0.0572222
159 105 1.2833 1.33 -0.046702
160 105 1.28785 1.328 -0.0401497
161 105 1.29243 1.329 -0.036565
162 105 1.29705 1.329 -0.0319476
163 105 1.3017 1.33 -0.0282971
164 105 1.30639 1.327 -0.020613
165 105 1.3111 1.335 -0.0238952
166 105 1.31586 1.339 -0.0231431
167 105 1.32064 1.331 -0.0103565
168 105 1.32547 1.327 -0.00153492
169 105 1.33032 1.323 0.00732199
154 106 1.26122 1.337 -0.0757774
155 106 1.26562 1.337 -0.0713807
156 106 1.27005 1.339 -0.0689532
157 106 1.27451 1.336 -0.0614946
158 106 1.279 1.333 -0.0540046
159 106 1.28352 1.331 -0.0474829
160 106 1.28807 1.33 -0.041929
161 106 1.29266 1.331 -0.0383428
162 106 1.29728 1.33 -0.0327238
163 106 1.30193 1.33 -0.0280716
164 106 1.30661 1.328 -0.021386
165 106 1.31133 1.334 -0.0226665
166 106 1.31609 1.331 -0.0149127
167 106 1.32088 1.325 -0.00412444
168 106 1.3257 1.324 0.00169884
153 107 1.25707 1.336 -0.0789335
154 107 1.26143 1.335 -0.0735658
155 107 1.26583 1.334 -0.0681676
156 107 1.27026 1.333 -0.0627386
157 107 1.27472 1.331 -0.0562785
158 107 1.27921 1.33 -0.050787
159 107 1.28374 1.33 -0.0462637
160 107 1.28829 1.331 -0.0427083
161 107 1.29288 1.331 -0.0381205
162 107 1.2975 1.33 -0.0324998
163 107 1.30215 1.328 -0.0258461
164 107 1.30684 1.326 -0.0191588
165 107 1.31156 1.325 -0.0134377
166 107 1.31632 1.324 -0.00768227
153 108 1.25728 1.337 -0.0797233
154 108 1.26165 1.337 -0.0753541
155 108 1.26605 1.336 -0.0699544
156 108 1.27048 1.334 -0.0635239
157 108 1.27494 1.331 -0.0560623
158 108 1.27943 1.331 -0.0515692
159 108 1.28396 1.332 -0.0480444
160 108 1.28851 1.333 -0.0444875
161 108 1.2931 1.332 -0.0388981
162 108 1.29772 1.331 -0.0332758
163 108 1.30238 1.328 -0.0256205
164 108 1.30707 1.327 -0.0199316
165 108 1.31179 1.324 -0.0122088
153 109 1.25749 1.337 -0.0795129
154 109 1.26186 1.337 -0.0751423
155 109 1.26626 1.338 -0.0717411
156 109 1.27069 1.335 -0.0643091
157 109 1.27515 1.333 -0.057846
158 109 1.27965 1.331 -0.0513514
159 109 1.28417 1.332 -0.0478251
160 109 1.28873 1.331 -0.0422665
161 109 1.29332 1.331 -0.0376756
162 109 1.29795 1.329 -0.0310518
163 109 1.30261 1.327 -0.0243948
164 109 1.3073 1.327 -0.0197042
154 110 1.26207 1.342 -0.0799304
155 110 1.26647 1.346 -0.0795277
156 110 1.27091 1.347 -0.0760943
157 110 1.27537 1.342 -0.0666296
158 110 1.27987 1.334 -0.0541335
159 110 1.28439 1.333 -0.0486056
160 110 1.28895 1.332 -0.0430456
161 110 1.29355 1.332 -0.038453
162 110 1.29817 1.331 -0.0328276
163 110 1.30283 1.33 -0.027169
155 111 1.26669 1.345 -0.0783143
156 111 1.27112 1.343 -0.0718794
157 111 1.27559 1.345 -0.0694132
158 111 1.28008 1.336 -0.0559156
159 111 1.28461 1.333 -0.0483861
160 111 1.28918 1.331 -0.0418245
161 111 1.29377 1.331 -0.0372304
162 111 1.2984 1.332 -0.0336034
155 112 1.2669 1.346 -0.0791008
156 112 1.27134 1.341 -0.0696644
157 112 1.2758 1.348 -0.0721967
158 112 1.2803 1.344 -0.0636976
159 112 1.28483 1.337 -0.0521666
160 112 1.2894 1.335 -0.0456034
161 112 1.29399 1.335 -0.0410076
155 113 1.26711 1.342 -0.0748873
156 113 1.27155 1.339 -0.0674493
157 113 1.27602 1.344 -0.0679802
158 113 1.28052 1.343 -0.0624795
159 113 1.28505 1.331 -0.0459469
160 113 1.28962 1.33 -0.0403822
154 114 1.26292 1.342 -0.0790822
156 114 1.27177 1.351 -0.0792342
157 114 1.27624 1.345 -0.0687635
158 114 1.28074 1.339 -0.0582613
159 114 1.28527 1.333 -0.0477272
153 115 1.25875 1.337 -0.0782495
154 115 1.26313 1.339 -0.07587
156 115 1.27198 1.345 -0.073019
157 115 1.27645 1.338 -0.0615468
158 115 1.28096 1.334 -0.053043
153 116 1.25896 1.338 -0.0790387
154 116 1.26334 1.338 -0.0746577
155 116 1.26775 1.341 -0.0732462
156 116 1.2722 1.339 -0.0668037
157 116 1.27667 1.335 -0.05833
153 117 1.25917 1.336 -0.0768278
154 117 1.26355 1.336 -0.0724454
155 117 1.26797 1.334 -0.0660323
156 117 1.27241 1.334 -0.0615884
153 118 1.25938 1.338 -0.0786168
154 118 1.26377 1.337 -0.0732329
155 118 1.26818 1.336 -0.0678184
153 119 1.25959 1.337 -0.0774058
# frame: ./0022_sync_depth.png
205 171 1.39782 1.477 -0.0791786
206 171 1.43221 1.477 -0.0447903
204 172 1.41466 1.478 -0.0633376
205 172 1.44989 1.476 -0.0261053
203 173 1.43191 1.479 -0.0470859
204 173 1.46802 1.478 -0.00997801
201 174 1.41437 1.481 -0.066626
202 174 1.44959 1.483 -0.0334082
203 174 1.48661 1.481 0.00560825
204 174 1.52556 1.481 0.0445647
200 175 1.43162 1.48 -0.0483814
201 175 1.46771 1.48 -0.0122886
202 175 1.50567 1.482 0.0236712
203 175 1.54565 1.481 0.0646466
199 176 1.44929 1.485 -0.035711
200 176 1.48629 1.481 0.00528976
201 176 1.52523 1.482 0.0432293
198 177 1.4674 1.495 -0.027599
199 177 1.50534 1.484 0.0213445
200 177 1.5453 1.481 0.0643023
196 178 1.44899 1.517 -0.0680137
197 178 1.48597 1.503 -0.0170286
198 178 1.52489 1.49 0.0348941
194 179 1.43103 1.489 -0.057972
195 179 1.46709 1.492 -0.0249093
196 179 1.50502 1.499 0.0060179
197 179 1.54496 1.491 0.0539582
195 180 1.52456 1.488 0.036559
196 180 1.56556 1.489 0.0765573
# frame: ./0023_depth.png
# frame: ./0023_sync_depth.png
# frame: ./0024_depth.png
320 72 1.18713 1.266 -0.0788747
321 73 1.19178 1.263 -0.0712179
321 74 1.19048 1.264 -0.0735173
322 74 1.19648 1.258 -0.0615244
322 75 1.19517 1.263 -0.067834
323 75 1.20121 1.258 -0.0567937
322 76 1.19386 1.267 -0.0731408
323 76 1.19989 1.258 -0.0581138
323 77 1.19857 1.268 -0.0694309
324 77 1.20464 1.262 -0.0573561
323 78 1.19725 1.273 -0.0757451
324 78 1.20332 1.266 -0.0626837
325 78 1.20944 1.261 -0.0515605
324 79 1.20199 1.272 -0.0700083
325 79 1.2081 1.265 -0.0568987
326 79 1.21427 1.264 -0.0497266
324 80 1.20067 1.266 -0.0653301
325 80 1.20677 1.262 -0.0552339
326 80 1.21292 1.261 -0.0480755
327 80 1.21915 1.263 -0.0438539
324 81 1.19935 1.269 -0.0696489
325 81 1.20543 1.265 -0.0595662
326 81 1.21158 1.263 -0.0514214
327 81 1.21779 1.263 -0.0452136
323 82 1.19203 1.271 -0.0789734
324 82 1.19804 1.268 -0.0699649
325 82 1.2041 1.266 -0.0618955
326 82 1.21024 1.264 -0.0537643
327 82 1.21643 1.262 -0.0455703
328 82 1.22269 1.26 -0.0373127
324 83 1.19672 1.272 -0.075278
325 83 1.20278 1.27 -0.0672219
326 83 1.2089 1.267 -0.0581042
327 83 1.21508 1.263 -0.047924
328 83 1.22132 1.26 -0.0386803
329 83 1.22763 1.261 -0.0333721
324 84 1.19541 1.27 -0.0745881
325 84 1.20145 1.268 -0.0665454
326 84 1.20756 1.264 -0.0564412
327 84 1.21373 1.262 -0.0482747
328 84 1.21996 1.259 -0.0390449
329 84 1.22625 1.259 -0.0327508
324 85 1.1941 1.272 -0.0778955
325 85 1.20013 1.269 -0.068866
326 85 1.20622 1.265 -0.0587752
327 85 1.21238 1.263 -0.0506224
328 85 1.21859 1.26 -0.0414064
329 85 1.22487 1.261 -0.0361264
330 85 1.23122 1.259 -0.0277813
324 86 1.1928 1.268 -0.0752
325 86 1.19882 1.268 -0.0691836
326 86 1.20489 1.264 -0.0591063
327 86 1.21103 1.263 -0.051967
328 86 1.21724 1.261 -0.0437649
329 86 1.2235 1.263 -0.0394989
324 87 1.1915 1.271 -0.0795016
325 87 1.1975 1.27 -0.0724984
326 87 1.20357 1.268 -0.0644344
327 87 1.20969 1.265 -0.0553087
328 87 1.21588 1.265 -0.0491204
324 88 1.1902 1.27 -0.0798004
325 88 1.19619 1.27 -0.0738103
326 88 1.20224 1.268 -0.0657597
327 88 1.20835 1.268 -0.0596475
325 89 1.19488 1.274 -0.0791193
326 89 1.20092 1.274 -0.073082
# frame: ./0024_sync_depth.png
